run,schema,fingerprint,status,sample_count,iteration,state,trace,rng_state
1,4,62d1a212b8db75df4846ffe97bd3f68fe5459659b1620bfd2c0c3ac79dc77a54,final,5092,38,,"{""samples"":[0,60,124,192,264,340,420,504,592,684,780,880,984,1092,1204,1320,1440,1564,1692,1824,1960,2100,2244,2392,2544,2700,2860,3024,3192,3364,3540,3720,3904,4092,4284,4480,4680,4884,5092],""objectives"":[11.092642146932878,-3.336686392017281,-3.9294682755793557,-4.372726482618491,-5.029804593326551,-4.610848970918147,-4.597553461843467,-5.082175407497281,-5.029961597022071,-6.688196504480172,-6.6240655573733,-6.631084426697221,-6.738889374725776,-6.78551900598915,-6.805538405883054,-6.817628111418571,-6.884654595641483,-6.875083258292828,-7.442849897858392,-7.4970453214604715,-7.624704891717898,-7.6903429477910485,-7.884931549542279,-8.105166443218891,-8.224664214232394,-8.583805537059822,-8.959142650079702,-9.029387823551517,-9.097769050370914,-9.064565810832361,-9.128555866659623,-9.170883265461454,-9.161202127224984,-9.24273590857296,-9.18351212597754,-9.180244911222896,-9.16904111768624,-9.22719978973926,-9.237025357087417],""final_x"":{""__type__"":""ndarray"",""dtype"":""float64"",""shape"":[10],""data"":[0.47175984983378444,0.4582917645416613,0.3578554821892257,1.328270087013502,0.5135439715419263,0.5504808927932325,0.6791041775974109,0.7535069596185098,0.4640173977779655,0.3924957561390914]}}","{""__type__"":""tuple"",""items"":[""MT19937"",{""__type__"":""ndarray"",""dtype"":""uint32"",""shape"":[624],""data"":[1040595659,690841332,1973418312,3760127746,1789518242,593038409,242182393,2432717706,1723081088,2343399134,462664942,1240827988,3186944712,3573192290,3083948071,1797329538,2693013683,989794472,2225454598,3002825705,1005501399,1393978257,3551920287,1370437837,2197181462,290110494,1715137474,1725326400,504737226,2464537728,1220456490,217569250,191467713,143376719,1278180426,1334296440,4004619275,1909253019,154059605,882612699,600342679,1896989124,2293388293,1032484038,1721093102,1309871694,523282863,3341811211,3420381392,2651844257,2752724262,1325409185,3470464295,2019663335,845643099,2032340585,65089948,2040254214,1055210903,1360007911,1978806946,1690215137,43586974,1096587654,3343409335,1131841734,3927606982,1918762132,3567502398,1819622385,1222900917,2804963585,1983363042,1262598566,3806624301,702198688,2734088101,147569626,1499968131,2276396392,3015029631,2941989719,3636612332,2245907166,1412462345,3873125917,4212526545,1797875757,977617360,1611616059,1140768708,1646105264,1889167861,525855609,2468475551,2294198212,1371604066,1133169987,2765353564,713796710,2699015475,1759078461,1736041236,783488673,721302217,211526721,1630616993,4004725645,3753621897,2871226815,499997416,2690647002,1147564888,2078259481,3836974812,814377673,1625930239,382292047,3097131519,2213715958,1735815439,3418087597,4078016659,3540211557,2973254601,254543110,3466981337,708006238,1180647650,1299722424,1656177150,3511866157,1309277488,541558562,2376536814,1911041639,3413344388,4138742396,35806529,14513253,4083974166,3709435680,1857422003,13497260,3857295844,4179037969,574072009,436308741,1634546129,710382126,3944081199,160371944,2952565979,3217550747,1956132524,461865026,1899608504,1464474175,3027192376,1034240812,1603680204,800419483,630255361,675735479,1763594975,465088432,1743782824,2890684960,597559221,2000514973,610906033,3298081488,1377928746,4038792821,2212200183,2565423844,1936606861,3833496345,2459165216,1320174941,1833574992,3774347599,1185547546,3064129516,18678511,396419626,329213299,233354015,340388314,1666178095,694950696,1573255964,1026786992,3456251179,2043343293,3491742055,2678371782,1372164798,2091652920,3152285640,4099692738,492473128,3644489223,1376061689,1135540392,2220839157,3667921424,467988320,1423929509,1956922207,105176273,1808656130,2214152535,1495638805,2043528031,3973517935,2318752719,1289428084,2972992133,2035605652,1901973247,3838576558,1410264533,1417301481,229434753,660666541,2340181410,2634092239,4180143145,3034529149,2885395008,505447071,1399450707,1367958541,3219957931,3950978846,2400701525,2959630756,4274552240,2249503488,1302394973,1245561420,3449162362,3933151989,3387986492,3784849273,2889908113,550527109,1557839078,3740853679,413548803,522960624,652319636,3593528430,2698488517,3695805272,950371719,2832957838,1581102078,1147593233,2011834482,3689822021,3458098732,2585072600,2719023901,2541694599,1962004206,1528944619,3251783881,1325382170,728393468,1179733662,3115250706,2704106739,4208741076,3937929210,3519139264,1253920065,3581762501,2459719349,3058950514,1419324350,2304456139,1950880613,698290897,2658616336,1375941213,1808402369,3506427517,1688291158,3531960099,1875316571,2403284064,220774490,1287934804,589751843,705157912,1975003067,452221804,588447681,1006916499,2230847999,1025613744,2778211306,2912482365,1769315474,3724763834,3527099573,1324555634,2803878905,892863659,2182148194,3017891989,98838980,2973846756,4109855620,2111352747,4246887564,1782054768,3588381634,1081524387,51637577,1339848732,2214566145,1961720435,3417222758,3223051058,934232567,2731591782,3012130993,1054766093,1013106972,4041948736,1708557976,2252658277,1926811640,3703030939,3021532057,3718137006,1961407777,1487991372,791579154,2114188910,2825151515,3763934244,1713665394,1421459338,1608885947,4114813350,2789235598,371338807,759233486,1535971374,1686929075,580920946,775763641,391955144,2038575836,1832957969,2357418895,2526711861,1247053233,2597143530,2041178828,1826025540,427512799,3497389103,2981869651,1988273470,405876084,3793644920,1453246348,3120535451,4075514629,3799508310,3726031973,501788612,3413314466,26592938,3272005851,4024017650,181485945,1639124643,1648647766,3701343957,3248586960,46758724,1413950381,438568983,3583814451,2658793745,3029612838,855213672,3388575481,3707233046,2933651090,211573113,4232664585,3564019176,4246371632,2586677645,3507360835,3571444341,944436969,488182186,809147890,3867119266,399184466,1153804739,364226146,3872932216,3391786094,2063814384,2330297661,2054121762,367305961,1453759199,2689686861,3949454371,905571551,3409287828,3870013460,1740150152,2948532934,3476709651,2914816268,2271470092,1628366376,510385162,3417214168,3073666133,786081714,153814758,3087966792,774500476,849407468,3928882049,2612004009,3745738087,1823675856,1739381089,1577001508,3679253419,1437191160,4000074755,2910698252,3495003301,558311161,3321428889,3547871271,3774827437,4024770109,2162322146,3164181865,3287804113,1507069296,3554194310,1287303060,3785907445,1600536821,2769802933,1057513327,2244361979,3074358218,3183836812,2616624365,1090150296,2261566047,1217766490,3576272840,1739811664,1180109033,3744570532,788583158,3822521946,1199673380,3378488337,257898750,4094223074,3830662799,3964717246,524338216,347184782,494909179,2681161206,3686783337,3046968109,2806259244,7562228,2901643623,1894859722,3793021510,3832054902,2093666497,2422399530,2500893222,1978751,4029764330,1449688952,1780604800,2357108778,3905881966,2054302695,1050113309,2892465470,753208153,1485939677,475647355,1259260239,305807939,726626416,3388147319,3593643634,1725000884,3289659035,3114124111,2135153339,1268441767,2320242029,2372227059,734142367,3510183848,1133776910,3815018504,944682818,1650962906,3184910834,143447327,4094264878,2937940179,239747712,3247446429,229790349,2643657152,1308039100,316489045,2149347856,2092574821,3022549743,1673499870,1529305047,1151485692,1589502294,3789833431,2592058218,3662519599,1652819536,4019476286,150863208,2151506608,1271403482,4053184315,2011199563,3301689241,1344424418,355110936,821087612,4155033193,2185061570,3979702262,100886747,3790274794,2320419100,57416491,1682965940,1860209322,3298366765,2981645404,2657998823,2566516364,3689600525,2880778447,11393867,4209334720,3762112794,938400818,2298374799,1974698652,2210368870,3466466900,522133852,2018162506,1827284078,4267751194,2407380639,1938135082,962633498,2995459455,826293077,3085798002,1529802771,3480497731,2377048158,2901015118,2567497355,3606970453,790963798,925200674,3839292051,2011918394,2835856571,2439314831,1799080722,3465359520,1938037749,1097299020,1652814206,2447386381,208440124,3829076596,3338406168,855394040,698146154,1103048233,1062502061,3324957196,3096461656,627483342,3195423021,4020481788,1027308205,2934674478,362671859,2325214403]},464,1,-0.5333653954585392]}"
2,4,62d1a212b8db75df4846ffe97bd3f68fe5459659b1620bfd2c0c3ac79dc77a54,final,5092,38,,"{""samples"":[0,60,124,192,264,340,420,504,592,684,780,880,984,1092,1204,1320,1440,1564,1692,1824,1960,2100,2244,2392,2544,2700,2860,3024,3192,3364,3540,3720,3904,4092,4284,4480,4680,4884,5092],""objectives"":[15.443161909492483,2.105331990152852,0.38266152446049456,-0.3405981847598839,-0.20747760454146627,-0.24163167876640218,-1.05971797846836,-1.1443624961342815,-1.3090314356820347,-1.5590251873276997,-2.085978738647302,-2.872939330989325,-3.023892672182894,-3.3428754706217587,-3.5287557316845786,-4.770192039277883,-4.74947699708347,-4.871320411066934,-4.79168566174965,-5.05423226123627,-5.279298538169552,-5.323946285236096,-5.459688452999064,-5.439496873003783,-5.520420255738407,-5.637662179711778,-5.632883215930137,-5.7311280962503215,-5.923538344284915,-6.357325285078892,-6.7085628882321675,-6.976941789907618,-7.3316914776017805,-7.4416197471600585,-7.533391600972242,-7.588728299566572,-7.74953544616956,-7.757028846522184,-7.695674931326124],""final_x"":{""__type__"":""ndarray"",""dtype"":""float64"",""shape"":[10],""data"":[0.3521232389271966,0.39333127250802036,0.755131692509731,1.1698828502757215,0.38389323961205235,0.44026176179873905,0.43940691724783704,0.4641475892596298,0.7871193435795791,0.6878389185035052]}}","{""__type__"":""tuple"",""items"":[""MT19937"",{""__type__"":""ndarray"",""dtype"":""uint32"",""shape"":[624],""data"":[3211337453,1927640320,1429991892,3668976463,2565561897,1523612175,963709556,4023341224,1271070485,4269547380,395358554,183511325,845905611,682867232,3166985717,1635427455,2652403292,2159164834,1662028817,1277959855,1866798437,4021257462,2836338383,117031718,2763178996,3932510123,1201029261,2374355874,3608692630,3470717489,59919971,3811788838,988611409,2589124120,264186301,3407338959,2245795795,202778809,512445367,3575317159,3451544445,1035934992,1019392120,3050595733,1311295326,72685027,2813616873,560055807,1410054770,1331228591,3658601210,577204782,3982122557,2170529264,3173465070,1435657939,3185914097,202079461,4126618859,3671486784,608091471,3918980164,1394356883,1374688523,3522354867,4098191714,2846620764,84742969,406434064,3900353128,1459069414,272404983,2069678845,239951089,3397111975,161166161,296088308,961995250,320097093,3245533077,1593558,1968152465,2696256639,3567005425,835539203,1019514297,192140807,4009925962,3193024209,2391519053,1760207278,3100899314,3649167582,867689141,1001671395,4087337712,3528184279,672783945,3783605960,3363539512,2346249993,3402858539,3128028515,3118456136,3399215680,3684232622,305693393,1558538014,3720522572,3952354723,4039723987,1445079091,3848821182,3195663042,761366826,3647330011,2466809789,3566905911,430992231,4204592384,2498924107,1841220612,3244935931,339597914,126801843,1943924461,3196076813,3233181219,492778163,2220716722,3216192982,3398819800,2415532466,1206734893,337366937,649959518,2231425406,2483336272,2005367552,17573557,3866516636,2881466714,435944413,3550636884,503542163,4020972015,3255963626,294570388,1838374572,1380748728,2968104406,3158123510,516460106,243938052,676613227,3976133271,4023314151,736036294,272157816,3552032769,1732046977,1572825290,3123262245,34386322,467083464,2446415135,2382975187,2728550320,911444007,239739607,3611431306,1628811544,1058305081,2030684968,3576914902,2005177207,3276341466,806673257,1667048696,2184333706,2636620726,2486887970,4148426484,4104890095,2187099930,3680787599,1460378143,548803843,4214944552,3412480979,3066272122,3037946133,262403929,442846674,3429953641,711828206,3923725594,1429434120,3616082626,2665715274,4058971716,3610701079,12346656,2453962420,574230321,1073981473,2652713536,2728862399,2872688449,463639465,87606642,904708260,1922780980,3669985659,616415862,3024237773,4278672441,3724189839,641239272,2941731757,257240059,2159332397,3455873393,1879671265,323190067,4227252313,3494551733,1873140427,675331780,3113507502,3077863443,1636793421,230412699,3993127708,792896428,2660825013,2964936145,1652740245,3396076462,3172011146,1299073434,3328497954,1472576788,695753674,3640637658,3951782098,2422106944,1639635460,4292089129,1548928181,1764328926,881479607,1376851860,792153555,4068667551,4085783777,1028726156,4085659233,1432620201,285108584,3106426343,3581697031,2595461506,4186420673,1820761667,3019789851,2671041106,2415628538,221777536,3271698023,4200735524,545633192,358202099,3400504689,812891692,2256574036,1725321688,2488498934,1724413732,3478870721,1252429815,1382019307,1765202352,581302212,397983962,672865626,1259934138,2781025106,2541299350,3158453064,3012256871,891517760,1497028966,2122601241,1603724121,1770412068,260537959,4039813701,1316851250,1852991672,1670057395,35824482,2216895897,2977936926,709846208,1506898757,3181169082,2036905388,1739861578,2495502891,3954680531,866409791,889222526,2939645132,2382769323,896244868,3042752928,537134945,350775915,4197386860,3365138093,725061472,3333120600,1590985420,694651747,1153063423,1485458328,3751641861,631623504,766581063,3359037117,906161180,1129566509,3266125689,2840063876,1916983141,3871900929,440004957,1592615302,954393809,3120731728,2458791126,64170444,2176280232,1309860829,472321841,2723380243,53253747,2575232253,2838315425,3039224798,937231303,1437819233,1503279402,4281878759,3690889813,1585459977,892691188,3713365608,4215035197,2400955197,613753671,2850639693,3350910569,2178271075,3985840266,3344810350,1149839462,2610269657,4048336084,495197075,549464152,4044760060,4199754569,1751457443,1717499623,4150912397,4093213252,3016129106,1067757676,2092829889,2224744558,1345260751,2715475544,2040309090,2919617975,3874191698,2948704656,2997577857,485625349,2555815986,2804993016,3139242930,101078978,3121509443,1578455330,653589316,2220729524,28495112,77204249,3922927117,3156006424,3861123630,3546881550,2365703416,2866769283,2074202270,4137188352,1649764500,2680699419,3267841414,3383320797,3490651261,1252266775,2926787275,3324744579,802995913,2273385138,4232389149,1817984537,2508263173,1403090393,1640929733,2295016139,2636059989,4119249668,2322800389,3127832621,3925297989,2410774353,4081668322,3129551757,1398218036,1627012421,1727040701,630615304,1868614806,319765756,3445769175,3815934313,246244011,1360443458,2230844234,3286267423,1247309491,660491504,3068568894,729255887,1042488533,2527616489,1750815786,1568011670,462394476,2847356385,4025217618,325545166,1127626763,2915417757,1237199668,752639027,1865761794,719763588,3201345331,551480850,3692092110,897501187,3875025010,3621100241,1927836928,3188933804,971751345,17781895,872208169,3523379108,2437206638,904377907,1633932894,799532016,2865895470,421935797,1341226208,3749019292,4081892492,2338453093,3427655428,1296846249,2313152565,2779606786,2759396119,1582139683,3805755965,288065616,1018745839,2290295676,3335774681,1314522712,1438177272,3472504071,2538847452,513987497,149704964,3602483460,2443963041,1971869416,3708169818,1729352982,34190261,2687648369,3669578009,2108483298,3125385638,3806570078,1973313527,1250538439,132514346,3335491559,1076797335,1866943883,1983498883,2978975720,2774983481,2358036094,2703932691,495660503,4264597716,3075590826,1034545982,3331097369,3871501253,2259680018,2334092611,806190936,2560413722,1704900477,2859403116,1153316732,3350095904,2504385243,230485686,1433300021,2679675929,2016605975,14887911,1431412849,3592301559,3786315869,994315174,1554250631,1726790313,2980067600,2110762505,981533014,2139241421,149761069,835721160,1167251850,3417111600,1671000538,2405468407,1331432392,2298393981,2441971057,254098669,3676269676,1287645873,48310217,3127136199,3722609864,1387036842,1774761565,161443982,3138655869,2542388308,3945651155,26711647,2999378091,1424706570,2348254120,1526084986,3826254572,3432818792,52355092,3815419210,1238873925,1965623733,3456338345,3294266366,600312284,2317810884,1042648127,420116176,2889717911,2584241148,786945801,1542190985,2724860950,919410548,312773903,2785885878,1430027502,806661764,4195493004,2816140981,620293426,97495237,3080738452,3024401165,4225038991,3524479411,3677676797,1604433346,1137900738,3014272257,3355522915,3930742980,2404350263,1953470022,2273845669,927444244,1722602429,2890752365,1293920810,3514784602,3762865389]},336,0,0.0]}"
3,4,62d1a212b8db75df4846ffe97bd3f68fe5459659b1620bfd2c0c3ac79dc77a54,final,5092,38,,"{""samples"":[0,60,124,192,264,340,420,504,592,684,780,880,984,1092,1204,1320,1440,1564,1692,1824,1960,2100,2244,2392,2544,2700,2860,3024,3192,3364,3540,3720,3904,4092,4284,4480,4680,4884,5092],""objectives"":[19.965749705007386,2.272566639880405,2.1813910512388146,2.3752926507055676,2.2897155227633603,2.401393631365556,2.5701956085121647,2.5483040880585457,2.7133411374263607,2.7396990310206077,0.5566093023423052,-0.38195202990134136,0.6390289702284925,0.6357246417225481,0.48456649592610906,-0.40149582197466027,-0.37894504886879,-2.343438059338627,-4.42230328623961,-4.596559175226636,-5.373224622434832,-6.9650534183290835,-7.066427527856219,-7.255499350927025,-7.339294977188983,-7.350938058548732,-7.342709142658738,-7.329194949837091,-7.483508096872953,-7.3819345016474305,-7.50601905127879,-7.396866764441098,-7.642471878392486,-7.741137340080474,-7.757411283895669,-7.680289713633039,-7.666480549517222,-7.726789193538746,-7.741194642201576],""final_x"":{""__type__"":""ndarray"",""dtype"":""float64"",""shape"":[10],""data"":[0.3760641722355013,0.7139103893707708,0.3755388439232652,1.3005050978316535,0.4814657465913994,0.3655182747185591,0.8274951737573625,0.6705602298741984,0.5896439419517704,0.4334359593824556]}}","{""__type__"":""tuple"",""items"":[""MT19937"",{""__type__"":""ndarray"",""dtype"":""uint32"",""shape"":[624],""data"":[3125814747,3513813305,1973957402,3527106659,4054565925,607439459,529666625,1020976298,856913095,1568573118,1843082880,888719795,1093554187,2949188458,1478607824,3315319663,3543603444,3311700009,2807699048,2085355320,1480673564,1565793391,1760905060,1753583217,1953650797,3290799847,77225499,3023771143,1775062742,2034634607,3838500995,1848147161,1928851583,4041100681,322034700,4065786322,816146272,3747310345,3172918547,16744807,2727573788,1144250348,686011047,2981541036,2684299137,650707014,189139344,949728491,4091619228,4234251367,1887296912,969319640,713298792,1588902413,456593916,1124538641,304991509,4061427849,666005943,65017522,642568750,2692345570,2881749352,812169683,3651108108,4182626285,519749556,3997237679,1845152914,3013854671,2602908601,2005156571,1649445403,101981765,2791232147,387669462,922085340,3076674655,962774727,3605184108,3990840685,596054908,223997552,3457408376,342057998,367429121,395018864,2492010929,3436751409,3992569372,1010319146,3889891877,470973045,3801528628,3392658044,3456232595,1946595632,2066559167,2146517448,4122061025,1415644865,1292843939,1339853600,1640080538,908934685,748340607,3901847233,2345140867,3740801947,542589452,18960462,1797369437,3332395164,801274277,3959857450,1871387626,541546987,2508655475,432393632,3443532893,4157562011,3161132190,3001860171,2656115284,1170552788,4243218686,2480216619,1718202346,2192890627,1887104359,232184916,1426886989,462491480,163457265,2231601770,4172731966,830205810,3331746881,3810210123,1098722980,2987145406,773273038,2023324175,4159012375,483387305,3745566078,4074696345,3744019878,2770770174,3976207556,2802086622,1982339283,2819436253,3833845286,1305236712,4117807329,3189203867,2404250433,149256178,1315647510,3119341091,1156846752,3162126560,357325136,2823666212,2120510011,3899297624,472029023,4248162578,2959569958,1980747422,1155439073,3327372233,2490262712,1256823507,322103563,2534750159,2260793434,4153460014,506450404,1564256690,3449618661,3554363825,3578923766,33366811,2095179253,4208954615,3145980525,2761337087,2911588721,590624824,300758864,2224297540,3914427708,738012654,2233780098,2082197561,3071545624,3440865508,3809075317,2955113374,2913523718,3698446204,3513004422,3248534265,2405294764,3767994255,1002543142,314926878,783933664,726687898,62752062,3776738307,4289770240,3769374443,2121122812,2197323179,335594114,1222323638,3259565915,944146026,2767453939,940856788,816238668,4258852391,42413635,1241642369,2206965840,2319849140,1794590026,2895356051,2696803882,3929646711,95506095,209710659,2591993304,3246212737,2873671023,752213093,947687394,2798233711,2160154724,2592788347,783377175,3163654375,2793773033,1888264393,1139232425,1038169043,3910917409,4238367435,1444848671,2649491133,2005959473,662524590,923196589,47288978,332558296,231996293,4073192651,882030549,1122639283,4015634295,2280566474,4240936384,3686134856,86005079,4127640090,98433955,2639377234,2906299945,1341011315,2353514123,16643157,3653382828,1879593217,470112720,426563426,85308328,2032862576,2825086427,980677309,3951631818,3903210010,553366998,2483370267,2971367561,3259034345,4246866905,2790622722,3370286239,2022929047,1119396885,3615853834,158927682,1865078394,926129644,106791031,186398651,1938838890,788514843,347333133,466360114,3837502627,748385100,3060883012,3194930858,1042351692,645560826,3663874637,1423407658,357775872,2740974782,1547964898,1062646155,1463106076,913934406,2749387891,3352484226,221887712,692719125,3279716166,4275615430,1198213776,2182190340,3912317711,1648618061,1595974288,427034198,2284902369,4153116751,3323158855,341482074,1749636424,1900020944,1010157943,1862182931,3535251095,3456159811,3810828604,3635818606,942524075,293089468,3200345329,4289788226,3895062376,2683848051,824714412,520913830,3333294817,581395092,3730283447,4278632411,348645204,1041902061,2890928133,471764039,316933839,2642553270,34301044,14403001,3481638239,3068390753,2359051965,573457784,2284541482,1423784289,3356939866,1387365280,3372077094,2373560391,894619147,2456536703,2109848202,1993590805,1332328186,1589776747,1783966357,3925174208,3500628791,204221210,1692179918,947755781,2417919112,3259573450,3088377879,2240180150,2206079975,3091288084,2490820523,4005120405,2603247376,3198481751,1670775450,1953861532,1936942088,2969195390,535731032,862198385,1001977521,3526376479,2785137829,3131234445,163446556,3311938357,2055894578,406677664,2879005970,1866584562,1146745227,2190890994,22932871,2680265740,1537207574,2272698744,2530466787,1521337559,747612226,567070526,3537607914,2403229694,889589862,2908292393,2026545175,1709192534,238466683,2165127658,80666790,4242345460,3411375754,253104569,2789754552,1320595804,2193859943,2166046604,1767286812,1933046846,3989699973,4213389008,2061366447,512941833,2248088192,330998217,1751430438,3809277084,725657669,2386589069,3604559722,1102108505,471688041,370400256,961207305,452066448,3909462845,3623516327,4221519857,1989654435,911731422,2057566200,3982787772,4293541846,2202247095,813179952,2714005790,1125966149,1392656874,4114147409,2973395253,1489175156,1894078422,1125387432,1107345277,2615961974,905680574,2654991163,2040240050,588760549,1627879347,1495487245,2018531215,1245875471,1680024915,2073615708,703728549,1452112806,3803129521,1239163311,3392950205,707239397,1736976932,3573127623,940663343,1578053821,1972167818,717175265,1526890684,2325869444,322381803,2149388796,4161016998,1814071134,171205345,1176117257,3503298545,2233178788,3411165301,1716928951,3895286635,3756723213,3310699666,1618079708,3938953584,1705257620,443786105,4161776987,3051953427,636295605,120572469,22966389,1134948659,1713939008,4510406,3262751908,2743309101,2660370257,3827136577,880057080,2232056698,1231045565,2184687191,2353734059,3715749657,3013668135,2562352301,2181820975,3592015947,1976955674,1397356753,459671726,1458500004,4276035753,693873987,3171894651,4052337383,3184678934,397586523,2778521388,1352798835,2317625897,1731881235,3558229317,3644394052,475660690,4111329063,3118233702,3830545356,952128378,3873126075,1692321010,4026553237,2870603936,880130710,657418278,3198571527,3097404070,954483121,2957300791,3037554339,2030120996,1416523037,1449007329,3814860516,443498714,1696016584,3316008902,1521234748,201242184,2665377595,1920743783,2009989450,1611157179,3284947640,958058746,4237095070,84278472,3032260669,2001324781,3563029317,3055489882,2313839735,3128191139,477678946,2689434612,206223955,3611556656,1934952747,1253981281,436308079,3076347105,1760985147,2625749967,809302902,2349837327,1423655581,868217330,2026375764,244177038,1268480943,4223413635,1281113634,3800055165,798066875,3755828306,1623644062,1324326864,708281642,1191919617,1324022782,2649476531,2738021031,8959239,807839211,3484193330,886763852]},616,1,-0.660391204710459]}"
4,4,62d1a212b8db75df4846ffe97bd3f68fe5459659b1620bfd2c0c3ac79dc77a54,final,5092,38,,"{""samples"":[0,60,124,192,264,340,420,504,592,684,780,880,984,1092,1204,1320,1440,1564,1692,1824,1960,2100,2244,2392,2544,2700,2860,3024,3192,3364,3540,3720,3904,4092,4284,4480,4680,4884,5092],""objectives"":[10.681145178801875,1.9532014986916952,1.8213184022705244,-3.8881181093460304,-6.159645166904669,-4.54271771497482,-4.746183615676778,-4.879883998594207,-4.473334149045375,-4.694929469684896,-6.9221244903100425,-7.766811492414121,-7.723081016432989,-7.748702997778462,-7.757212778718349,-7.679331683664001,-7.764868052359021,-7.789287174104789,-8.154770624577445,-8.302378414950114,-8.291922774224082,-8.368986924595609,-8.38983148563838,-8.472979508170988,-8.445835702022803,-8.463944173511733,-8.54094356829885,-8.467414303615126,-8.517090064355834,-8.513626111845527,-8.531563664774556,-8.509747538713546,-8.614168973961613,-8.570357331004757,-8.556022166772257,-8.789053828851744,-8.76302963434366,-8.858257893719786,-8.956352515740639],""final_x"":{""__type__"":""ndarray"",""dtype"":""float64"",""shape"":[10],""data"":[0.5021878115787001,0.7499410224005528,0.3097832483949728,1.297328762763597,0.705997068789308,0.4415812171332233,0.4895643920608178,0.7182772379015987,0.5017390533434558,0.4390238667906144]}}","{""__type__"":""tuple"",""items"":[""MT19937"",{""__type__"":""ndarray"",""dtype"":""uint32"",""shape"":[624],""data"":[2715624600,2859671506,3032211702,2627274126,2382230674,282384583,912206503,787049921,3849114205,735608909,2590565197,1456247404,2410562936,4128525222,4256661775,3977297566,953110482,2418944548,327765699,3833372365,626827981,1269078312,1463368788,1199590206,2888476657,1987172807,1274047607,3268759519,1387657033,331818127,605906696,3550656737,1862668162,2152412484,3336613913,270137987,2972990252,2288203712,469413764,1867203995,1097199253,2864828772,663760308,3468902686,3856837247,2834347615,562589783,2358729396,816141255,2286988377,2888767532,1764580079,4063591275,3885309842,334828913,2084281891,930980997,1291337379,68013547,2332936297,215537434,1719835899,1167338777,872355528,3850912815,3960495961,1094437930,3651576290,4203850788,3544524811,1552143904,3116608750,1571529636,1918241378,2283428219,4041527377,378789909,3090648175,1997356694,2051451322,1166032445,4106375443,2241486868,537338937,3570400971,2188773138,3379457603,3036651451,420776395,2496076138,29653252,912700200,2962516380,3961147668,1347611319,1393918480,823453241,1140925107,1320667804,1588651406,3901557893,1072107489,2554598584,3389019577,1652992939,4050162949,988419729,929121598,2854336412,3990426765,2270209787,1250639473,2589259867,1537445323,879246308,3223285915,3453095695,1742973346,3526777899,1170295641,1749713176,1306863514,2458504091,3175626302,1322279070,994699782,2710902552,238330446,3582343783,1193179094,3259610991,2564485242,3659754247,60668770,3039984778,3883135602,1563581760,1563837479,1806604940,4122114946,3887608897,907357621,3134733446,3931564233,2366051821,1347682356,2125264829,4285943506,762519155,3314451366,354091524,1862983722,570120224,1371296796,1985430123,2468274855,1850835375,1586844752,621521,1289241811,2423751459,628426099,1856526684,2923641966,3774918516,175637928,2886891155,280746160,3824978,1334726892,156119159,3542395207,100860935,1385509689,3061427594,1969497347,998534958,1638329517,3353541933,2480141588,2073517489,1100972230,3084340857,2692631999,2594541291,2926688020,2346663926,4085197147,2296840242,260222557,3345297800,3657143204,21573994,4139815643,1182960685,691903700,4036766573,569559617,3921899910,2082824829,1662804465,3272067940,37353050,2223312700,3907676541,273587742,3560245954,2882053882,2399950959,2433892522,1777779161,4159981549,835289012,4014924522,2411288849,2576920999,1895593025,1842884204,2967855527,2128960814,3507079690,3081408356,3029990836,294563342,2494645443,4029115986,1452436629,312957681,289446890,768014487,2838369735,2031554562,2256273963,238188768,4057311465,2868632781,2395926846,3767875161,870477600,2590858880,2390893681,1271635916,3010550592,3374574561,3581638874,2120458961,484767800,3306262726,2271749341,2506413935,445661980,3772143233,2434228497,1442477397,2521248154,2238475677,1945652335,2623604201,1829649602,1315477904,2578918472,1482507388,886839169,2902189711,3257566011,2010778332,182143542,433967736,511860804,964899722,3868164050,3460585436,3516197017,3296081607,478588785,183208286,1466230017,18349392,665835021,3452359308,4285617013,2753404768,1892594288,502988319,1630417920,1444100758,1376070403,171687064,3521028136,1477218288,3518685099,2629389968,1436034041,3533942805,1013440468,1327199556,2715025409,3634174942,3536508871,3247528219,3504197225,2292077597,3060579651,1913643233,1246943847,3631936839,2516669203,1486770697,2830469337,1509610419,214549556,1714733486,4202654742,1289245164,3735118072,2024923416,494881949,1919207573,1623756976,1850837100,2563639181,2827411557,78831287,3639791933,562248997,3703037846,138727586,3515283133,3660759414,1653360904,4182668975,3913264225,2154271085,1439888439,1498446116,3171907883,2829565812,3926013328,1779174837,3604102416,4208622484,4135788951,154120460,3438286905,2550125432,3715243046,718729062,4142103473,2535511212,688026040,3683405610,2625036810,2320333237,2605602021,1399577305,1895993320,1216413782,2385867409,3817921581,308342618,867634348,2020809899,809683570,3855773235,4049620980,63328971,2165219772,48910921,3419367735,3847696171,4082919815,3806180901,2923168498,4052164369,2727184593,1143419667,2749155718,623976248,174027309,4019407656,2987015378,1579076795,2905298125,3163391967,2718598404,693901510,663786531,2857541256,1776454892,3979385495,185816471,2105895370,4080885871,1445337971,1371286779,83628473,293484850,1769143877,2992520205,3161631044,1055412002,2768735032,1496433793,1035207760,586699532,90173390,1025033846,1768694684,133068086,3241536922,2380929955,633447627,2875678454,1409933145,284595238,798663244,2645775940,2330469164,2909373041,1104248036,3631933512,313212504,969189776,3491006480,3280717307,2356366770,237629145,1251651685,3423327642,73853425,414005323,2469199656,2671851071,777648519,2669250912,203895232,3945028599,1384557199,1690421456,2927165217,4249187770,1973746213,4283263576,545897400,927373907,570718028,3592204069,4102616134,1559946109,533576756,2006004733,1163727767,1306758105,2799305403,3211920945,2878326144,3239968397,3326323065,2104044865,453862075,954677874,1086996959,3305048950,4167203911,306513987,2578587096,1543887828,827420506,3463547275,2902720113,986637294,2778433239,244299481,2349127255,1967183559,893020915,902191754,2134852646,2709943623,2734979939,3883506282,1132059953,1222941635,590091810,3356459859,721126871,1126833462,2993439733,1147080899,2281417990,406253485,3057200102,504452276,1023007997,3800225015,4185198981,2454287611,302447472,4165336276,1441664162,564706410,2683312188,2964863140,2898712748,102215444,1992128051,2487060288,1026364313,3787582449,2188090497,2984596165,1749565172,3093214284,306230144,1679713349,970790387,720683030,711675703,3698978181,608246661,1844313198,3265840664,2320658024,3487949369,2606714784,932739961,1205408321,4172838135,527856396,2256845332,2078432687,1081824199,635016972,909185586,3519725751,1060749939,873852878,10267473,1942919508,2778791435,4106753074,720652553,4134547357,414839461,3711436496,3416272136,599832589,3394150962,2036500914,280275058,4059693148,581373201,259034447,1946000560,1646193281,75626439,3019453060,4102182959,4169902309,3319649571,1021852521,82671927,720831381,3119330440,2609319630,3653260085,3869853069,1201304579,752314319,2166313527,968521778,1214903661,3551555713,646377504,2738674597,3283744698,39006458,2825325551,1551662124,3326184375,1662776528,4178373530,642436405,4234851379,621944287,1841303386,1694262475,3184195938,1810847383,938838760,338940384,4010478536,3409735466,1015785738,950923606,4095001880,429814631,76310350,1395547351,2391891368,584279145,3075611106,2881673086,2535680009,4020775378,2352819804,3203110358,3316068203,3251112590,3365197978,3061528549,2495949905,1671698153,3946239870,718884068,3804600309,1846003099,3506709972,1986550250,416395231,2325419364,2132782764,1718701974,26258302]},396,0,0.0]}"
5,4,62d1a212b8db75df4846ffe97bd3f68fe5459659b1620bfd2c0c3ac79dc77a54,final,5092,38,,"{""samples"":[0,60,124,192,264,340,420,504,592,684,780,880,984,1092,1204,1320,1440,1564,1692,1824,1960,2100,2244,2392,2544,2700,2860,3024,3192,3364,3540,3720,3904,4092,4284,4480,4680,4884,5092],""objectives"":[8.958357513381838,4.698483896888256,4.758820864346397,-0.723925745653628,-0.6495415929823155,-2.2306979666548505,-2.333348488820694,-2.4512869164622146,-2.5513241275100897,-2.5925275496128224,-3.6794508452729975,-5.1157520895214805,-5.6272561011931606,-6.474434193347317,-6.6437806514390765,-6.702698659841158,-7.396998390281633,-7.483762799890495,-7.630738588337359,-7.757928112796625,-7.642104095521232,-7.641045609737551,-7.88352168712445,-8.347566049597216,-8.533452402412976,-8.744787347551478,-8.748308563688314,-8.73491023897767,-9.115585473408519,-9.35153948011823,-9.446609015445699,-9.437291301336778,-9.42902119279383,-9.45195514821212,-9.486120381429815,-9.43061169593002,-9.456438041645582,-9.515846139492663,-9.532984721631921],""final_x"":{""__type__"":""ndarray"",""dtype"":""float64"",""shape"":[10],""data"":[0.4715439272110332,0.7002772985415039,0.3573018477680419,1.239271560567361,0.5639790302088286,0.3223916607907752,0.32686921644724465,0.43401016110619517,0.41691591130469674,0.8187903766145553]}}","{""__type__"":""tuple"",""items"":[""MT19937"",{""__type__"":""ndarray"",""dtype"":""uint32"",""shape"":[624],""data"":[3849570429,1018188707,3246172049,2744222425,651018719,3606016709,8494408,3406359653,4247936193,3690969205,3839282575,515050545,965395143,4057464385,3730897308,3126515436,2096761087,16862525,1598228999,3241101201,1679158567,1874532696,636413641,1290297832,410252994,1267030757,2225084270,2192352596,3776975547,707942147,1362807720,3519722370,1236511032,3771473055,1473174804,1410241960,977912585,1624975985,1645560507,3935268621,4124837390,2135780832,3927481135,1154689067,2788673433,3520220666,3572517414,2019598687,1235894538,2792315020,1618708080,1659523340,1536353841,58278022,3854861924,929524264,3497174782,3227779494,1044315050,643695245,2980032001,19799104,2896653243,16061784,1223733171,3641614686,640238988,4073169039,126218881,513294732,3571297284,1061227182,3017592221,463269595,474193253,2782146783,2461977727,1253457887,3331012280,3363477866,2534031744,3152934732,4198697757,3079398889,3581787246,3192004623,3743530017,33453749,2172434931,1919922209,842672038,2667743825,1465044706,60035949,3548911766,2758668062,2405139264,3737822463,436514225,2556145434,3341610112,1078258292,2782187648,2942109754,3756555528,3816153810,327881082,3118062425,1219709845,3783442375,1032021990,560343749,163395491,4205257468,816714632,1983352132,2093017379,3740967638,2868899040,858197398,150758379,264848138,392935148,4123144512,881580042,3707205348,816665403,269141605,3939425691,91076790,664107989,3681054022,592657629,3503643973,1210838258,3446967725,3769420811,2488479463,3990779066,1365351848,191963574,3815224080,629531089,1359283440,1753059909,1848822545,2799255881,1767416034,3411719830,3109646617,2707840542,99511571,28356833,2950547709,3322123313,3936855637,855417656,2704559876,1124035091,957830911,1676794394,611196682,1210624043,2429011924,2583823429,4200475374,2866091229,2899367016,3202092011,955249146,2456805182,3167816992,652553509,153436100,905844887,3355909156,2106246906,1820598867,100422811,1643272420,292954316,2157701032,4292778888,767118444,1493410279,3038570373,1673229716,2524856728,3465301453,2803910697,2951062076,997923642,1519526768,2673001999,1849705476,1331955765,2010680366,256409136,1649676418,2077877850,1407015095,3728239362,3787599589,3652850626,3933484678,1790374273,2706459106,3597870702,2652689774,1630549016,1427471928,3125029932,798869211,1098149068,1766972502,731313256,2207052412,3767119048,3396673891,2662904238,2674848946,2386895007,234752639,1236066731,271247634,3512508209,3955831547,2782929515,281431728,2972883600,1131522609,3398432863,1598062918,658526886,3337687289,1310672360,2275949326,2978678488,1936744722,4036379297,1271181401,1330588283,3033298841,3405619673,122398656,777413639,2858341773,1588263156,2181010717,3811174518,265400152,2131730402,1867919349,347311724,284900920,890059833,2253896196,2281147951,3683727576,1915140922,174859523,429058883,2703974332,2446927722,2160363197,3171506727,3267270064,2695713397,3617521394,2328285363,87030676,432168618,1494079704,3020452228,1930398969,2851339600,1612095049,351224750,3983512948,2079152987,47577125,2020274308,2569469681,3885387333,2275161172,2367472925,35481990,3303854378,1756425428,2539117047,520552215,289253072,3667256526,3709985172,1955516854,2938478853,3582277375,3445237244,3996264082,828461408,3666376711,2362942127,2742717780,1176090851,2031794468,4122333596,1435745972,3760660991,337630439,76757325,1913545744,1036298861,2234357411,474506510,565874031,1679316502,2751603858,48369291,3621478556,3507036819,1957789839,2149715537,1127112730,1948175640,2686076708,3313904263,3733507066,831894745,1337054251,4181286827,3651811128,81973227,781901672,3386834643,21905679,1441091933,462357573,3061424160,2284297265,3775288626,584393075,2695853266,2463294375,2938151731,3761532830,2030150457,4287068796,713120789,3626345468,2316121389,854114875,374838278,4241543860,3557646062,2883115324,2963505887,1035901206,3525729116,768568615,983826173,2698089909,960335414,695763429,339041957,1241283935,2735776988,1305942228,1216307509,3550872017,480019753,2330468303,3316240373,1552628798,739856420,476575901,3701006603,2045089911,1916273074,1955254795,3982689514,1763591209,1560703100,3539253116,501445362,2014986849,2540242518,4010188614,432929279,1185778587,3898952413,1028604698,3226258937,602769575,1143682745,2495403371,3541465466,4232721629,2771731437,3863422792,760374067,1137183476,252211173,3005900299,1769140821,3764115102,2157389191,2233721904,3548450891,3197069815,1700979516,1114112704,4114448321,4015389573,1518696163,21740152,2346834691,4044471987,1778494948,1185213499,3271118877,3769926602,694553037,1122684009,3777313811,2062514830,3820668841,3741459138,575585464,2571844458,2469787905,530123531,2935138030,1945349905,2276680946,3213810361,819059907,1757308246,1138100654,4087546212,2418939389,2818591718,4271207559,1055260219,3839727399,1520652156,1837578830,1125444698,2567786582,1015555325,2223476888,3227459613,1127238858,2146191054,316827536,1305762022,1764845614,1342017291,1551789563,1640039653,3677195793,293475320,1325090237,1226161272,2633924109,557272559,2616130955,3408145343,558657434,2809495902,1892816318,2886780726,1988105190,1991092432,161061828,224784051,125570616,216119737,3909089574,324725826,2998848010,4155485960,1157928865,1007541250,2950103738,3814886043,3819329373,3994131853,945969658,637225720,1383951830,2153602572,2652651939,1422875735,2386899311,500021292,1627189791,3571365325,1780057070,3847035186,826961834,3131019530,1596440880,146919442,3888063431,3548389294,1799283067,3057409147,1735897379,1308777099,466563286,3105231240,4257590661,3458297907,373844390,1682224786,1909652784,1772148755,2852045466,806430958,3416978764,1723905205,4146453099,676772310,215087972,3933031169,3778043422,731818485,1235007649,326567126,125329990,3092493493,4061461534,3468568850,2700366542,2577259191,142078839,826329811,2541588561,2511254257,3380748692,453148576,2253175573,435089094,1174086615,3666831675,1388694556,2426776025,861474050,137941376,1934945886,818310805,4081485384,3335519108,763352437,2995420085,2061812164,3729486250,2378191814,1502555295,1586237033,3851370701,1367576648,1783386647,4120924726,4094642662,2434534675,457477837,2058941894,386743560,4086251770,1504645582,4186813125,1528164548,1114068789,1363116915,215990230,709753566,1899976981,3516418994,1866895512,4022504651,2167237043,2086352283,2173824731,75352913,380417640,3417145917,3277536620,1773200350,3415356992,4255353039,1689882914,1233854338,3476953057,2444496909,3832155523,2015258573,2041717693,2898162392,3510945410,3918447237,1951518745,1314822941,4244522733,452899326,769847710,236131028,4257197369,3310553117,4277287384,2316535295,630632028,3050281442,376029272,1288904580,3777824869,3131242283,2350941178,4187404922,320605141,2877688569,3034029185,1074662029,1476091964]},180,1,0.009027354998087964]}"
6,4,62d1a212b8db75df4846ffe97bd3f68fe5459659b1620bfd2c0c3ac79dc77a54,final,5092,38,,"{""samples"":[0,60,124,192,264,340,420,504,592,684,780,880,984,1092,1204,1320,1440,1564,1692,1824,1960,2100,2244,2392,2544,2700,2860,3024,3192,3364,3540,3720,3904,4092,4284,4480,4680,4884,5092],""objectives"":[11.190614810854516,-3.6900820486779367,-3.7570223828975267,-4.42350828538875,-4.323794819399579,-5.0983810936873235,-5.728992987445252,-5.79882530942464,-5.851853149018087,-6.282338699483011,-7.308830113327227,-7.419478679990075,-7.88991178557233,-7.927101668645469,-7.957274962217703,-7.939000629797177,-7.564637268622495,-7.560721999304622,-7.523759890392798,-7.51159413735671,-7.5604556929093825,-7.552949479684536,-7.6024803873209095,-7.713865412599232,-7.750014743467171,-8.084337300811079,-8.177063485934491,-8.158474809213391,-8.113578082157673,-8.106867058625701,-8.13705586224727,-8.210189491683101,-8.221574643010687,-8.272564539108746,-8.41054655008816,-8.365842734634892,-8.339272233779598,-8.375325767144936,-8.424646101199087],""final_x"":{""__type__"":""ndarray"",""dtype"":""float64"",""shape"":[10],""data"":[0.7633149274122712,0.7602896694494498,0.5630825017931241,1.3028328391281025,0.48170139259756767,0.6885056053931536,0.6602640149941946,0.4268454723062583,0.458007985683358,0.5065517256103459]}}","{""__type__"":""tuple"",""items"":[""MT19937"",{""__type__"":""ndarray"",""dtype"":""uint32"",""shape"":[624],""data"":[1256660872,3711383290,1276213557,748684248,2916020960,1536658353,3325747034,2405003758,802924772,4005388375,881148856,2843821617,3280047053,2850996724,476690479,3550887172,1833573069,379846559,927942878,350374374,2787072385,1498512080,1146538068,138082475,471533543,1940423875,775779841,3365662161,386307348,2982763515,3957600277,51915726,1103357944,1772223416,3032897549,219821228,322286602,741577290,655316373,867274756,1945173409,1033662899,2122285302,1295531432,3692253763,765199177,3821861905,2936143343,2150503148,1129494949,4198279540,3750610967,407765251,2992068198,3716502558,3347944543,664736341,1583851972,2849160825,3138441308,2599946729,38791086,3806810662,3297771211,1095662693,2378645147,507662424,3573171811,271009550,3902748734,2685835641,4211430825,930186077,1735971094,2159983040,4130714152,1884607343,1780919029,3528368661,41185589,2062713447,1716319704,1977801648,2916408693,1923151632,1771516812,819036963,1540323527,2585324733,4009239972,3082577248,2812720377,3903470463,2504906522,2195609359,495466195,1586610360,1587351047,3671765140,1059027973,3176397547,3765679028,2807671245,1918738659,3466865966,1991945795,3238041415,844735129,1517838959,3787573866,2494495590,3126072142,4008878815,1960733676,3319445647,2121948110,2349817262,2399227211,1646725443,3195894885,2312384876,1941357008,800975671,1655189694,3778101183,1965541560,2539594963,2080818536,4109437856,276304500,2835321071,1986423389,2274239010,1129011188,3566532187,2211774938,1022016135,2322265463,3866473515,1028473283,1349260539,520598588,1468295830,4093801020,808619363,1471944139,2034423866,3909714539,1513117753,1388735898,1793307369,1937847178,1285403017,1493734506,1736248108,1676964407,4096728161,254562243,1472208785,1360234406,3032128263,492241884,1031340473,2880026875,2811013018,564800559,3141948035,394552524,1245138111,2769253020,3237599792,1920609956,1188149081,3391152523,3609827090,2765126246,3546128912,1691423088,2730360638,2266297185,2479646217,2053510835,635462285,505668798,54939751,4021522209,597303729,1094099902,2024984785,3665358044,3606907859,3433676333,2071610332,2247984409,2379816348,1415276533,835985378,1476582661,4064593823,3552304440,4064274003,195177344,1050012469,845899865,3984677034,3651324018,1898517514,2672549605,1886467644,718646095,1332138969,829330718,2198251778,1031411730,189186499,177575821,2663714647,2801209557,1990316772,689368588,3950620324,1338021744,3487153981,3473388519,3706347767,3634407427,503532681,634223514,534614966,645959019,3667290782,3223903523,665501306,252681030,3575151091,2009561396,1019134173,3999039871,4262305314,2786263809,3725435579,3055130776,469099272,58193363,2909506415,1668330507,261185122,4266598674,2528325550,875171199,3216192290,427002122,147311665,640310335,945225051,1026602240,4020510996,2628408689,2575073746,1100062884,3940043721,974017764,992960535,329612274,1753315043,3309498512,641493676,1043744936,3029809334,1373107671,2297851156,1910326495,2426571472,4291339186,986574120,468023537,3938989773,1089540114,168074583,445724523,2626640156,3515284196,1094205172,3701842607,282664409,707977710,3895802326,3263649714,3527014360,4022964262,56939395,588191493,2836320077,4163858135,1585880541,3152400237,2526648214,4130486200,3540931720,4160742141,1552040756,3597334650,596461129,306895293,2941940085,3779978751,4194550879,4085562517,96244441,178750844,3865667946,3547455305,891433083,961868712,4242440792,2801440811,2117850730,1187673797,1531737470,660099608,407031827,1583368075,935232844,1274596303,1414347007,2170977394,3427704832,2904233002,1210523015,3226915771,1669244264,4163981977,3746157548,779659044,2167707916,3506108202,3870920969,2270085953,3443281496,2243185399,4155199784,3058427994,3093935804,3110800802,195915938,2678934827,3349184144,3601763890,1921145242,2944321125,3636889637,726120075,2945312855,701297547,3441051485,1590574801,1058392046,340610293,1362081856,426329247,4207876998,2924004184,674090522,4293123023,1925411071,1124013427,485324839,940931761,575828319,507662288,1542473509,806182517,2820690005,3762756061,468025832,2452840187,864812207,1871482011,580740434,2909347397,3455645503,3299029865,805444112,2452508603,1483874766,946996064,2282953846,296958364,4058033267,1824436830,597668626,1813910084,1697104865,2784656987,447115898,1664912686,1373290402,440594439,1532523756,3457549426,3307302660,928785943,567391758,3672934464,3002748699,2987073724,3940201132,1443921355,3918526494,2784025763,451378113,2571262956,2084298841,2530804949,1122354815,917933289,817253553,3251727780,3099066040,3548342472,3482177698,3008154261,4045794075,1128337178,949677373,2451317550,1085701709,337892207,117190447,401920287,2850813667,2958622479,209596713,3810968139,908751548,3865138321,1613303759,3903123739,2399203362,921016969,4212428687,3668684395,2357034547,870091711,1286185087,4238829691,3837462920,3564821986,2532196156,2714505323,2270896590,3610808076,3824652278,3115527182,3785221653,2271388947,987137091,2001953598,4106454488,1429207932,4180140312,966625428,3164427386,2036118993,414368569,2561665342,1834940237,2769498164,2303614788,2136033103,1558541837,1054475901,2148732336,3235873390,2528394877,1439647717,3047022877,3735496282,2454719817,1117550883,2992861483,2989655781,1885363413,967437871,3858119441,1486066044,1390780614,1903929475,3404367938,3162202460,1134443096,620105619,1389075306,1305281993,3763232887,176036635,528911735,1201028332,683703198,1680651945,1275306582,2463341271,1226896544,1465016764,3440449798,960558358,1288153376,652705432,124111906,1608049946,3631576555,2072458436,324636836,2446099585,3396244180,3768330687,3950628603,237670522,557961783,3303764607,1372938581,3522142007,2111362617,2291771998,1348358735,414220628,2578765633,1460557309,4004075905,2235129576,1689308070,1033103300,366640682,3372815303,4113152823,3037900119,4102166018,3084814845,660833600,1590829325,1740918908,641710373,729545566,2323017196,2002640100,1596711861,2400934211,2510067449,94733266,2158667636,1648296572,1422556444,4264029333,1621526287,1758856042,2222069418,3266753299,1053522295,732693747,3264703065,2548829011,4194863486,159720728,3083556349,3849721064,1602167141,1538472752,2797824938,821779279,2679386794,4055726459,2461257493,619280651,1538993751,3613609456,2833800743,370358333,2215391700,1579798305,3667463127,3034436791,1625395276,92111052,842470486,172990951,1718769536,3857532286,1018199748,4129998252,598626699,3182528257,3322588991,1347653934,3738779828,2538835384,911975435,2747628860,535880474,1931346332,2603688689,2898383444,1685104526,3928592715,3951995699,2588154315,2016686271,541734337,389061400,937193113,1093887967,3125637556,2995851138,779966882,2431462222,2379299942,3198635801,1374237596,4280282863,1660240359,2837849533,1303907636,4114378947,2389568992,883503206]},40,0,0.0]}"
7,4,62d1a212b8db75df4846ffe97bd3f68fe5459659b1620bfd2c0c3ac79dc77a54,final,5092,38,,"{""samples"":[0,60,124,192,264,340,420,504,592,684,780,880,984,1092,1204,1320,1440,1564,1692,1824,1960,2100,2244,2392,2544,2700,2860,3024,3192,3364,3540,3720,3904,4092,4284,4480,4680,4884,5092],""objectives"":[4.168004795467404,4.050544922867719,-0.27778630498220364,-0.28710057032824693,-0.34038246247193493,-2.563103598726317,-3.407490896091982,-3.4412653269953473,-3.4208426667035545,-3.6126373215217216,-3.761627536342081,-3.673298167366339,-3.7144012487996365,-4.84600204411716,-5.455745206755177,-5.921004417827995,-6.086748692584659,-5.996552787129109,-6.039251110832932,-6.0868438600613475,-6.278209449158583,-6.2644620650242615,-6.314334924611629,-7.658167879347556,-7.717254956800297,-7.847065679286759,-8.06040880153871,-8.108403752549114,-8.153423048926081,-8.193249143958543,-8.305922412755187,-8.389795602325291,-8.459449473110556,-8.46960532237027,-8.544989164412355,-8.637016358794332,-8.641728254892302,-8.89325935536272,-8.899641383304614],""final_x"":{""__type__"":""ndarray"",""dtype"":""float64"",""shape"":[10],""data"":[0.5726831437083265,0.5836349120953412,0.5717400293751931,1.0226630072979188,0.42877316644224733,0.30645243442356035,0.7523757814127369,0.5872477104062294,0.45563867245315526,0.3381864989003051]}}","{""__type__"":""tuple"",""items"":[""MT19937"",{""__type__"":""ndarray"",""dtype"":""uint32"",""shape"":[624],""data"":[183417323,3674787417,2986359722,2035410169,3572049175,4134803124,514690496,3653244386,2503373539,1202565567,1619306687,2167493458,592629118,3355202367,27971931,1825171635,972358661,1440460270,3572646598,1974222728,1121818709,4285575684,2959181024,3470109581,3382076292,3870971249,2741901498,3727868083,210555168,1828775910,3464715714,2761999632,3301443529,2048010369,2882438947,3901128110,802822277,2076205637,3381399006,3747999403,2573657391,2425041240,3253397404,1336242890,609552097,2999062936,1174423699,2593766365,2844625227,386523120,978252479,253996890,1765553438,686942748,1880978964,3920779254,1565972025,732506451,4235375078,3785069157,1678268485,4261149383,1853554839,1227228108,2912493673,4114028906,2486108321,4200902347,672443599,3571813237,176094288,622162850,1547500174,2100648421,4032413717,2630869851,1025362602,4233075404,4287185669,3815377767,2654646095,3310527012,3358145836,1449771201,3144353228,86597953,550260271,2281564014,3445588320,2434750371,146470111,1913238682,1187995103,3687766695,3387513398,3900383544,1276984741,4036292461,1881283305,4206055948,716315720,3860419109,4090493184,2919863236,708082946,93074088,224045713,2425459509,3836525881,3479610719,2992093678,3354528021,1725244172,2207765811,878164063,1857207847,1660367652,25468817,225130057,312019317,3804603131,1719001446,3655263700,1296421183,1448580960,1195248838,4274253663,4109106555,3194701671,1105633665,1461797161,3315950663,1105789284,982944247,3173646159,866903587,3343704163,150261533,305264319,2639518366,2564347508,1393391061,583263879,1073007019,1566963064,1159641955,3878911589,2704412185,3728619006,4034063692,1677172683,1381823341,1216913493,2708489179,2435636962,3538688236,4062631331,174373225,482531750,3958475754,1372791198,1424859803,84585389,1983036013,1365177710,881189801,790839438,470887756,3315362812,806336315,2686792833,1693070697,1880323290,3797927019,1572803114,1126792331,2684185973,2949205600,1753887971,1165375692,1735766460,2723710014,1605289538,3747827988,3473662054,2062889397,3104521344,2125373561,669248774,3523586474,2086616573,2428939094,134008944,163259374,3722165410,2259233800,3297390655,3373004163,3109051433,2274418091,3395803858,2460602380,3047805298,2642765768,3378141262,3004009363,3988989480,556652193,3505588020,858229850,136674562,2806065980,3123787241,2826739830,1453865158,2394792636,1360679227,2279089941,4064885855,2665164118,2946128661,2119519360,831041342,4247782981,4291192430,3366358969,1779105819,3136203350,4132112240,326839517,2639400870,637159419,560708389,1457742230,1549109507,1484210364,1218221061,481976202,2326168566,3756208587,4277770828,2341023386,3427290739,3581951476,3924872210,1106262062,4247064817,494502589,470134187,1926109300,3745765825,4242765768,2324055560,2972415369,1374544615,1454161249,601479096,2754322215,3351524696,966700645,558185990,1109568575,3953979714,3851713415,941469122,2402459675,1239495049,3082935833,1210641285,3707014465,3407752559,1632540747,2256319893,3481632146,1387014429,3402857152,1190729103,769497310,1422979954,905383043,372704785,3113022803,3723560568,900190451,1286270810,3281884870,1084989667,1430635441,102051946,1677137063,1954305218,2800055191,2086975981,1699276617,4068254452,2743466057,2576792783,3824866960,3072298458,3442833395,3876282192,1286051475,815330926,1593835538,1232842146,700351573,3764095560,3927772480,2787902046,156933394,1751504411,3432052155,3701800651,1200686557,1719521519,1673764557,1625113154,355138986,711278696,2764460747,1980931030,2371082178,1422799202,1449839674,223016965,3387677662,3494730832,856179039,3128647085,650477267,2006181571,4248006145,3310983546,721126919,454331472,1557851285,1023203246,1934646460,3470120290,63154188,3358777480,2741459204,3247045627,1165539229,1424325707,1953151137,2980935298,475717212,1967888774,2653547518,169352386,3549198701,2512410753,915497224,3500597560,3779737773,2655457738,2983371391,1187896565,3291874849,1263389259,978704999,2903796697,823486169,1900274552,379880401,1954884265,2211793633,3455305933,1822509126,553692556,519947263,1414375002,3438248724,3181505567,3959844526,2489352149,3510242929,1072704447,1897033071,3026494076,2585034142,3863803689,506174306,2034063284,645926395,2479902836,481399339,1035320274,2252312100,273775116,2980844878,1492680605,2596412172,1927051720,1889396070,3798691065,2278145638,3206299526,2877960020,2192254676,4198542634,3800122573,1440056016,3754013260,2850405484,1096551372,1296518770,3333890070,3901347535,1141106993,370850312,3988263027,2450749009,194561712,2468700016,2464995225,2443937770,759995012,3206219755,3371009753,692929003,3557019580,3488380944,2579154811,1928152714,3345965676,3617301165,1066635682,4177239237,313316507,285969122,3889373243,1193427704,2388259449,4127395419,2994870352,2879372796,1482236581,387544520,4275635089,3695900500,2931031212,540675261,4008732893,3846629203,2153481379,3452843291,863959250,4101930805,317483609,1843589172,2331384641,2234823240,4035374231,118781977,623611476,3091505031,1517146068,2114951594,691260102,4101508012,3147445836,4160012224,106481323,1356824890,333216906,118586222,368209023,1143315505,2015830374,375429123,3060764231,3248208821,3300151674,2559201745,2367868875,2321834139,1096787888,2898733943,900857476,433431592,2531658104,3654993875,4009518801,309808842,4221808208,2652930305,2772740792,2912757150,2915220150,676662494,4199155154,3323750503,4224319711,3212288254,93431465,1878654417,1218448508,1145411572,1340281197,1023408973,297048060,1883985366,1212011452,3089293080,3556600618,1683685343,1187155200,3728852802,4272150354,1268548468,1000877664,485197846,2093288485,3412267296,3908146338,833207749,1790841523,157357081,1948085609,2608838148,3781378666,2859016608,237415387,1893139663,1995549212,1944253249,2656714700,3756066875,2368648739,356305264,1801937419,3456631165,2516436383,930624072,2951380343,4137315918,2775880279,475853277,3116960713,641490169,336770918,3617385068,514410400,2062021232,1374204604,2736774384,3802222110,3411996382,4215112252,1956343792,1520578336,2389925477,280611883,2117693697,1938776415,1215012264,2362789494,3760681323,69007102,4139033682,2000251104,1635894116,2558373443,515027503,1410239762,1085818943,212479607,2269696034,4072606761,1194758371,3266014267,2335187481,251908513,1410537487,2672536222,1797527460,1955805311,1010678806,2627477997,2976453395,2901256036,357146233,1411979480,1341978915,511996034,2325931163,48677629,1552229906,3324903840,2383784402,4136885554,248133076,3284689835,429773162,874617982,3699929900,3009489875,887495035,81108002,1940047816,1081876336,323911384,1732032812,3649186537,2305123559,2256961267,2046199290,3250384740,1738569776,2779207711,983170451,2182018696,4034002623,4118970260,3630856053,90752854,3106533342,230190037,3777627408,372415604,1896424164,1041531091]},504,1,0.7751111002421117]}"
8,4,62d1a212b8db75df4846ffe97bd3f68fe5459659b1620bfd2c0c3ac79dc77a54,final,5092,38,,"{""samples"":[0,60,124,192,264,340,420,504,592,684,780,880,984,1092,1204,1320,1440,1564,1692,1824,1960,2100,2244,2392,2544,2700,2860,3024,3192,3364,3540,3720,3904,4092,4284,4480,4680,4884,5092],""objectives"":[12.898198510788013,2.0337937759064597,-0.9620198585371383,-1.787797367298152,-1.7011747011744573,-6.54151337259862,-6.516030783698104,-6.141187847267553,-7.292784753973245,-7.622852407099644,-7.550461531076373,-7.58303466773212,-7.6607513039679205,-7.9181795283706276,-7.871970991683007,-7.490725921444093,-7.5925648739518605,-8.601341655263223,-8.80024932765964,-8.74926673355974,-8.83613604273287,-8.88847426685692,-8.761939814840725,-8.929055945365551,-8.884606985609883,-8.867951919537928,-8.90835282706043,-8.905202816512231,-8.909654387814285,-8.887135641739361,-8.958036535666828,-8.956346295403286,-8.99082693735208,-9.024219929480939,-8.994195680792428,-8.980708660819404,-8.98269908489088,-9.019350167095258,-9.003560339447882],""final_x"":{""__type__"":""ndarray"",""dtype"":""float64"",""shape"":[10],""data"":[0.7626248500085292,0.5461404298362895,0.5756815622372784,1.3336466056407397,0.48293590308689366,0.5024207768006516,0.414446236453794,0.7418966976712341,0.44316378168999354,0.40595211356314553]}}","{""__type__"":""tuple"",""items"":[""MT19937"",{""__type__"":""ndarray"",""dtype"":""uint32"",""shape"":[624],""data"":[3677594506,603150231,3214378389,508309856,401050764,550326659,3551492173,240885952,1088392427,624601534,865202209,1300830250,1031278427,1951169887,3435526509,3322000489,3775422136,1734104734,1253226450,2148930792,3605600683,1176908817,2017422165,69301336,3641655035,3450904407,925840973,2124517125,54760620,3662843436,816151680,2237743874,4048692817,2201626892,390130918,346510480,616987540,2535992939,682538782,4254231408,4143096191,574889722,508506760,3520530164,985219496,2532128373,1896923213,2829256445,2363550027,1981050534,3240299794,2604928683,2662221125,579412011,2674843375,37378995,3345486608,4262388069,678935488,3412386820,98726239,3561678105,3445102637,1329711789,2400944728,4252200636,1521537757,635191184,172839316,2844387482,4260800836,2315713726,885177019,1709928877,4205029351,431017556,2649797864,1698182700,3061153133,160346866,3488819144,1170570791,312169782,1194225639,579657948,701879024,4135964075,1582540426,3120363569,3376307996,896796670,4056655251,3503831413,3015702460,2877426028,2007535936,2662987912,1510367166,599597120,4114615430,650161113,3172438575,65627998,225131256,326527796,1036113556,2091961888,238025545,1769970671,1209631676,1870895132,2301537658,1899806910,2787689491,3192272166,220226067,4106928946,3536363434,404566769,867104103,2516128673,1499024170,1592224263,1399801728,1310721955,398654523,985476064,2478491454,80716513,1795355222,483645609,2081233890,3150665809,1197642044,2745566088,3871269551,234773814,2608271965,779824083,1316170173,3375193918,3836406796,2489014866,209992469,1598904603,1681472852,3092149875,2355242621,1797302210,4134712931,4216784103,1779231336,2855357103,1067101266,2905417218,2414731114,3569691062,2403189549,1358587025,2301733604,1311353044,1682609150,3763886061,2664436245,2362294284,3453211965,1956112825,3720504285,2975600078,1667828971,3247376751,3663288395,2863936890,1429295039,2407105467,3168940966,4174612497,857165303,3042608003,3677827567,3161257558,3849725549,2483976861,3430262925,659099707,3890341857,1446050272,2418695592,244012485,183232992,2645875511,1298673902,2341120083,593917002,1161562292,1954920367,2448279911,2938976263,247310251,1105109159,3234643502,209136874,3270997460,2287176933,2074179625,1499395092,1128320567,3953776832,2990686923,2101786319,3768287116,4276312297,1930571173,4126463246,4139312601,733947718,125469159,1999306770,4145940155,2402814338,703953816,1752603398,1149414258,48845115,786442707,3625331268,1727441833,301274335,914910746,4043076256,3319459935,1593970746,1970673197,2533731038,228433836,3405602008,2956792247,2763832449,1557952683,1397487199,3082760467,2574745679,138296327,493863557,2821583360,706639228,868456972,635114065,2666642073,1114517136,4041946297,2723161446,275512085,2261240027,40787712,582732544,2528987759,322715928,1104379572,4013408343,751411209,1692844243,2822272409,1111688654,2487066502,2332593759,3958250351,296511382,4206217945,604415437,3988570154,931840683,2185451963,196926287,1250406583,3527473568,2759653585,4241123286,1781271675,2861082570,157795300,3613452083,4036902054,506465211,3253625259,1277501640,3010279081,535681070,1334398949,3567563930,1226033,417232765,3497109316,103998181,3539569861,3472683291,3148192092,1360380790,1539440423,837547551,1982108424,2814259922,1358754831,3244925103,2244538619,3637267870,930550767,1875048632,3965763729,2107534515,1844034627,2341834362,4107382191,2974128464,1787060,3744266884,2343626621,443467010,3239075884,205490606,1299255171,4114087312,1920501130,2646035789,1602837080,1867132889,1861995208,3452961276,115274314,3089485663,2673594970,3918731513,438546137,2716119830,2130686888,3978000578,945019668,3173423480,2643110511,2201235258,1937699680,3687315789,1226986734,1754774461,835671373,884007256,1448267282,1140813256,3984723437,1866446051,1877435694,2743285872,1941886022,330853936,3056108527,3633188997,584966190,2538663884,4129023325,1788868090,3357499607,344619224,862088405,4133364102,156869261,1618506288,3574167721,339763179,3544272348,1469787175,3365286413,3294242411,2875677995,3620274251,3483907059,3318927699,694537212,2985810696,2542587313,3439849889,3160139613,2629295668,556111239,3510044890,156598864,2437899094,1266734277,3398868322,372948008,2690001178,3929971853,2765079989,3089427887,1987898780,634420094,726764432,918536075,2992645861,1420553801,1981963064,3543639738,1778923160,4080468572,4041263651,3367842260,3058634730,268880391,1283226318,729189178,2448262895,994562529,2385177692,2720685302,4103889444,2373335630,3693786486,229612661,4255223770,1812038753,3897692166,765831710,494085610,3056301684,4278004734,343752249,3177154096,1740912007,328202383,1290994344,2667351496,681735706,3219238613,744699698,4187616601,4192143524,311209353,608578451,1555359822,738185752,2436895164,2677454451,3671797925,4246965147,2989184809,2167672259,2121729910,3951127831,4242848388,10178429,1412465911,950932421,3820571963,1991623528,3109341521,408633316,2548867174,2102023827,948245865,903788476,3340160519,1683799671,3859761298,4208430023,608750095,2326577591,2426900026,2420855910,929536563,3209962466,2545156419,1910683151,3191323220,1316820179,962017814,2094636580,3121101255,62748576,1854413182,1457875206,1715930070,3571594699,3444019380,4050528568,3929948407,1965249764,4234816552,4151089928,3031948132,95253266,339884554,2475958732,3535323435,1065560307,593173045,208873,1419565766,2494441853,981588952,2709662142,1102392574,3934604450,2071818670,3250970903,1673506045,4226936357,1636171207,125834161,4249029962,2174010245,2796239133,285131896,1774304407,1300253064,4035652640,387300344,434974112,38462529,2019426964,3693891065,2146274731,3097067074,1123396393,3889887137,3596024255,1521757962,2396524864,1974354993,43111699,2262095671,449170318,345080761,1415027539,3366848916,2700515572,4217399967,3124515546,2585628331,1755503953,2505780380,2668489015,172802753,1526845193,3838332654,2348761027,924360364,4282800850,2652651300,756738377,471845842,1444340643,993772937,2177372950,985997722,2502323491,2681897231,513447689,3361867605,2036607387,410064545,2368138222,1964192356,4004398574,2644373421,3149020957,3867015692,1153159311,2475833604,170017985,2858372247,3506488110,1487957998,3158519313,2589424513,1896338808,783991828,2299794304,86923785,1247348926,3758026488,826039367,2494129468,1279899123,3581074484,3737263209,4228399541,235732902,3458469427,206202526,3294573631,3785368073,595881194,2253246062,638170777,3377769309,1127648201,276934960,3787054441,652974037,205194073,2691026045,1782109949,4235026333,928104399,71942762,196426011,4093770466,51786457,2828855624,614495295,1114468904,3660567041,2443717889,2229192084,2727772531,2708245399,906514195,32471474,2685221877,741084722,3767851118,3485300373,2430709342,1380101757,1529245262]},292,0,0.0]}"
9,4,62d1a212b8db75df4846ffe97bd3f68fe5459659b1620bfd2c0c3ac79dc77a54,final,5092,38,,"{""samples"":[0,60,124,192,264,340,420,504,592,684,780,880,984,1092,1204,1320,1440,1564,1692,1824,1960,2100,2244,2392,2544,2700,2860,3024,3192,3364,3540,3720,3904,4092,4284,4480,4680,4884,5092],""objectives"":[5.853601907892725,0.347952551912051,-1.1672685265169425,-0.9716084857981518,-3.142392666014846,-3.3013296799066283,-3.411082613665342,-7.02789089086619,-6.780722637384423,-7.242720413291799,-7.260419944830839,-7.698216982535485,-8.283458930557398,-9.277024585160492,-9.392735394643678,-9.45754226078255,-9.475998942572907,-9.579444166833822,-9.586793228325217,-9.508977983706885,-9.591909685013842,-9.772691921082476,-9.847425617068673,-9.879652988874874,-9.896381803237647,-9.874764944075512,-9.903760697074231,-9.973019046182905,-9.991735831707832,-10.043568592186066,-10.052100733642842,-10.146910082484363,-10.135754015750416,-10.122702197430362,-10.159728093553785,-10.191624210290819,-10.196922291102133,-10.17434439154357,-10.288894479588798],""final_x"":{""__type__"":""ndarray"",""dtype"":""float64"",""shape"":[10],""data"":[0.4967478930245288,0.5870771357530084,0.42206277906933237,1.214201452127506,0.4908699459973555,0.38640538991329626,0.3293933905372066,0.45332463471832235,0.4049708349393721,0.42512711384983726]}}","{""__type__"":""tuple"",""items"":[""MT19937"",{""__type__"":""ndarray"",""dtype"":""uint32"",""shape"":[624],""data"":[1946829400,3723998524,2676219834,89536092,1331170909,2519749772,2062525776,1146395261,2599841970,3840580145,3418339690,1552713118,2670261890,3424024874,231600711,3314522388,1075743328,738853454,265805922,220083906,1346750681,3344472584,490699081,1814324204,1092028602,3328339004,2617339883,120513933,2446203439,782062318,1580938288,127887000,2605544621,3091777837,3306780989,950285857,1154544731,2919711785,4164088466,442275467,912096101,4228205231,2883774540,15293838,1871283351,2934850640,2921424459,4291525479,3301900043,383856883,1849093878,1966455888,3151387465,2411375727,1061307990,2237665333,1598503730,3964977337,3169158387,2221479200,2190173449,3535081437,1675740393,1692928782,4140357250,3805190956,998596219,507100338,39217054,3103158192,960574474,204579388,3048000939,3968826235,1246445381,4234344662,2367476917,3430024216,855917935,519468878,1862613890,2109534939,541916130,1758583172,1716930676,2650433432,3078024154,2273189538,3337092459,4101286541,224407162,3428824631,181190534,2253479966,283676826,3802017205,3660570384,4026528877,3318255086,1040809197,4068141739,3209263671,2708953850,460640080,1511423924,2138178276,687944434,1660599651,169393563,2438219256,2194509269,3838406449,2165352572,1925208484,3187074757,14409878,319839503,2596424313,1320358509,3535772384,4155697659,592282088,2806042846,228755324,3238738176,3297352272,4114002674,2680625398,1560473786,3797605905,2118675915,1695349677,949709712,2746494382,2701530777,581197774,1538592231,2161147885,2775736737,1793863658,3335726615,3648203267,2010126126,1320769873,1986674788,3104063388,3170662294,3590018167,117711366,2877613571,2438360965,3355811160,3339261351,1712806421,67283468,3373634544,999101993,1429970314,3041339531,1840614527,2652198990,1828843614,3319424540,4135314706,991059010,2936944384,3257241374,4200400677,355131179,3524600712,799697546,4064906294,1334433064,3479914077,4198418169,1555417452,422293199,445333248,2213856591,637938531,2102194407,1603191953,1134355691,117346493,886839473,2950084301,417038729,3569745281,3484004349,2780456250,2398215637,860094669,1439958998,855207379,2376929533,3186737434,1477805358,584749062,3477007352,3618605582,2790400200,146616562,2988606173,2523704398,755553981,4168208222,1530141340,1926678868,2553265447,201909517,1439823237,2599208263,2359628887,476636957,3130869678,4255373648,252993801,3997327023,187025208,3270069519,3440068540,4236826262,1650129534,1768002465,2962316484,760100296,35545670,1922053751,2782648281,3316009815,1237900364,1556226363,1297536364,2514228318,3683893348,3498440850,1505117482,2468579006,2586123359,3163828703,1129971263,2103638775,1374310097,1379154291,1464204658,2488427824,1074043446,1433409900,705481652,4164697495,1193743433,1912658653,1677282375,1983509158,2346849578,2241473253,3317623144,3892717257,2591537663,840585003,4002614063,3602505962,2185841343,318018884,3526431243,1960930769,1832839384,1651686856,922092680,3274461052,2374890893,2598136307,1746736262,2392119178,1900673332,1225512533,2033515670,4190823119,1121685941,1880853926,779557510,1204250362,3424381747,3451202483,104796308,539308353,791415670,239980174,171322322,1618822513,1580484879,3610445847,1025186784,4175563530,326402872,3976651984,4200756747,597410119,3219533953,2445826546,4043954234,4209127028,1446703147,2525412262,2349937668,3740278092,303557407,187390569,837110082,129364829,3748333924,376874165,4260921280,545695848,1970234431,164886233,3262514626,4058682936,3025077474,403636800,3083741810,1252116618,3524664274,2848025416,4192209304,2506316783,3548126906,746095827,1437192657,646493456,3607681786,1833140649,1826876817,2976584856,2764036638,1299150724,2995563958,3889939404,1109881987,1027013038,2322035603,2247709168,2077366490,1221163646,906689004,1838300687,2929928014,1687111641,2135391413,4008807984,162381423,1837715404,2521337530,593489618,2466763149,2115441495,27791475,2732493678,390132837,1752984141,3917278285,4191090311,3137064076,1377791085,477116207,1652171134,3127475637,2868629873,1659517302,291880189,2034177842,1451615311,308651633,2173881944,4119851833,3248839464,2462182420,3251634757,3983879075,4225701833,3942200737,4044396348,2159517110,1044644663,232520849,3799550084,2191959328,575567812,2053164617,569786668,1227655550,47993658,2615990614,2021369950,1571369403,4091905054,2315737628,88554267,1416728450,3227856174,1791762415,4268936500,417507013,4010268778,3313998773,2617292395,826989347,2012176899,1318606859,2564468378,1132042115,2557247260,587114891,1462420133,4174978774,565830344,346888764,1963546754,2448515745,2826803368,4275713413,171773279,1429269876,2078489923,1623331920,1645470764,97335735,2759582087,3414871149,1412133703,2405448446,2453934612,4018060397,3090522332,753404315,1921069734,30467409,1379562419,1762003,1347407334,3528672814,4264249387,118406104,1867893358,3872433936,4174818503,3098424721,1749777744,3203546358,1080127923,3885230702,1697592453,1382972478,3492668610,4106869266,1599227934,438895481,2481091107,369817979,1534149672,2819724084,2413570525,2278916553,1900122396,2171076175,30248208,1786455747,1611724357,4036531498,3795444958,1908427588,2716851103,880602694,4177306815,1661594403,3741871405,3730936969,3496814599,2709241114,3174910164,351153624,647258927,297969506,4272899533,370851344,3254100849,2916532868,2222272926,2823631901,2971146083,3808758010,699801028,2804138036,1454327686,3642618075,3355429998,3728686440,96126371,4001453865,4203955344,3775042344,966247825,951369820,1476382857,2266617169,2946164068,1051982379,1190411275,2992860953,1772145059,3301475724,768184701,3294701765,2594288787,201276335,3387619847,3202128622,56742552,3534558655,1142290514,1189761638,3127335380,1576716272,4236111363,2786109591,2227817681,677040535,4088515276,1040071243,273528558,2064547120,750013122,3673260620,3233991735,3398525366,3529183595,2170753697,2947688857,2194929139,3273576746,2370500919,982797453,1665093445,2136445576,2847685312,1286672083,965778342,2316455692,3931205196,3349264155,3668948534,1578548109,1288803244,908995458,1104758585,1685550660,3301521797,1771603495,4278959421,1929742957,155568315,1069979397,718611798,1329572317,2524867156,2704523614,1368593889,3468384267,2849242143,4175736139,3949369914,3003790551,1890644151,3347300100,2362069696,1606716835,1650769861,1743219313,1823249700,468415149,1637147481,1263291846,4069606137,2104744658,2503084660,4073739553,3806018980,1248851890,2848581978,4027085212,2414888337,3939716368,3313379088,1913765806,3186186202,2359492865,3299148408,1902720909,1357876134,144159581,3434686667,405683326,3119363534,3964317422,1891991696,3326223947,2610014991,3598767466,3889654774,2473564667,2021006696,3176672255,3495982585,3755206277,2452346260,1367388714,3942471228,610314555,3744301000,1357197850,4078203686,2473245165,2216876842,4026694448]},28,1,1.1390740932229797]}"
10,4,62d1a212b8db75df4846ffe97bd3f68fe5459659b1620bfd2c0c3ac79dc77a54,final,5092,38,,"{""samples"":[0,60,124,192,264,340,420,504,592,684,780,880,984,1092,1204,1320,1440,1564,1692,1824,1960,2100,2244,2392,2544,2700,2860,3024,3192,3364,3540,3720,3904,4092,4284,4480,4680,4884,5092],""objectives"":[9.745407567799909,4.568520852205607,-1.4920276514192328,-2.1828720187556416,-2.5113748148993174,-3.2103854320604497,-3.240030899678643,-3.7547614560909603,-3.698748094429399,-3.333084437781036,-3.746661779308831,-3.4980688094565866,-3.7035697167292074,-3.880624108468371,-4.399806516955133,-4.388823714219194,-4.426754049480474,-4.391594719808659,-4.4470276207329915,-4.433467695671516,-4.59155198076865,-4.881715186619002,-5.018301780206385,-4.971942134925777,-5.246529156110468,-6.211339260527702,-6.435776273464744,-6.354344057873343,-6.655868803873762,-7.19779910375211,-7.205962354172234,-7.232762103708031,-7.229166123186378,-7.406973204480279,-7.4003859466806485,-7.500602813335693,-7.583457053605598,-7.615390706532735,-7.62127812490939],""final_x"":{""__type__"":""ndarray"",""dtype"":""float64"",""shape"":[10],""data"":[0.3751239557400615,0.45427739287210006,0.2868822707280572,1.0292801226566948,0.432035353102247,0.5540066048584453,0.4436363447953614,0.6887157279293462,0.3047314530392308,0.3377432975940566]}}","{""__type__"":""tuple"",""items"":[""MT19937"",{""__type__"":""ndarray"",""dtype"":""uint32"",""shape"":[624],""data"":[305186635,3762603210,1140055860,4270250759,2036361126,2834090716,256340466,788215538,306968044,3179307999,3658840668,2480694136,2626283536,2936787752,843146404,1461826098,432458952,1069564961,2132260480,3769671797,273903310,598494059,1626952757,1122976841,2392793681,2183346241,3788897774,1562088174,1089155853,1768923591,2058392096,2773714611,1740254179,1244962617,3369329800,2748542965,4209800641,1051646526,445669519,1332966964,2363319297,3141508725,1628921308,2963373850,1344256190,1451193719,1844018949,2668186155,3228126396,2287566362,3761800110,695767737,2742748650,2431672799,365251193,2954235022,778909438,2550917820,2641520794,3622849220,977221273,2161090626,2957268164,1115236885,3506487580,660081163,4262060357,1040016126,1647102158,2389836317,2998458282,281295375,2188205010,2173430840,3860819197,680837336,225672105,2380472313,2080289044,3630012640,244626848,2878150826,344449614,26171594,4127898388,230740624,1595112427,176350613,599911358,2778663057,1110684877,3429764836,2478933293,1009120337,3161362070,3501302303,4008693582,87234690,1341728548,4041579611,1141600363,3623584866,3264589582,2249012525,72918104,547824880,1520359648,1310798444,2161343182,3387819167,3710089049,1834797186,1924624952,4289053929,3136425760,2504262344,3662646955,3849561134,3400938965,1423467556,3977429563,572764250,1693061102,3366250443,1080705587,1281854460,2851788997,2552673332,187162640,4118369422,38466882,2769154089,3435425453,3403562943,2500449983,3525326372,747398909,2585946261,970937275,2277363859,896160086,1688670428,694571401,2561862639,444748674,3986341525,1182079382,1110253915,324808988,4220225837,2191457208,503150703,4219747933,3873879918,2671092348,1355103616,998959978,3065561265,2471181067,234386161,1947734967,2130955133,487788334,989181151,1208085742,3880468955,2074453853,3328259983,2932272205,1048548468,8646048,1746505781,2551279336,3090042974,2936298009,500620130,1792205161,4203728335,2420958056,3803376186,3724567550,2330085844,2332532733,909451326,2609128224,3925918573,3545683481,1562158169,2094822550,3638368118,382637065,3144635635,4106404324,4202039091,3866733412,704702226,3205147359,3989683790,1670758722,517591139,3546017364,2399422337,863690598,1960592586,311914117,451022748,55795119,3968151827,3485454658,446385493,2149244047,1354607459,2421579420,2663820484,34151164,4257251845,3660024486,3203620337,2030845686,3883346748,3170696444,1305571758,2581063470,3449575045,306958178,2425789013,2286795668,1417583036,934045602,2133401668,1662840363,1075692732,3766898114,3256036636,384228732,1795457733,3650345783,1717251628,2141127941,545361144,4286630600,3080922857,1950141999,1738773242,218352538,1687132184,3608673782,137913719,1805197092,1073645171,2281544420,293373085,2094909116,3120731115,3681719984,2890581310,1086087728,1717812999,2685967824,1415074435,305718109,3527354082,2767927428,3410017736,1232662694,347498293,2706762442,908644295,1812253476,414176851,163506749,681526826,3291701561,2102058694,2588149904,423673874,550121727,3199682960,2049716755,3965581056,1874197686,3979279146,2380922904,3497206164,152744183,2110938428,1215183179,2481813742,1284554806,2294398671,2623388824,1941139226,1472829325,3069542643,354271264,773507808,4019325851,526206391,2907176263,596559824,532269677,2909424214,1750583176,4050392676,2367588854,3532940547,3767545174,3461101308,1795214369,4160995855,3036562529,3496797650,4106023075,1044564968,2610938391,1477974521,2682012838,642482356,1486228260,2761985039,2297847608,2386561669,2603139193,1311603966,1108469187,3351295783,2763747332,1123349956,2918747304,984526431,3318495932,4188336730,1875116053,486683086,2621994358,3851678938,2063092807,3834578651,4274443461,312019302,1317300825,4226808878,3434422655,503358871,1340106952,1910650937,876656372,3561250247,3853784601,370802302,2749654711,3876294626,2274098999,543641564,1562350103,1470368557,499207557,1398656886,1636232867,2919527289,268266605,3836415663,1630311571,1929216865,131989272,2260374180,760275307,3944326353,2852847227,3059131993,506820877,3615681320,1200334261,2044868000,909258376,1549334851,3590779638,1712049806,3643285768,632792520,18585805,2464039941,2976483858,3789444176,544669668,3439779641,1645277470,985615794,1698159,818826667,822355389,4112921043,659860598,1735258601,2419235414,736495086,2487396936,770344456,516638561,3059097717,4223715699,994985643,2325025512,2807728713,63043532,1769860183,1959404712,3203526828,1866371038,410308060,3660057604,4108848780,3984420113,1135367691,2683400022,1656479315,3639157163,3522111919,1629809478,2512986751,2533594966,839531594,3160821592,1356467670,715619239,2388543185,188698936,3239331529,3379430730,1925263708,1819609503,2289400682,1906845615,4285600159,2883771298,2478074016,593833398,4252161340,2063980769,155536154,3467397257,4071423812,4199598805,1242993545,936845820,816168474,1606598881,3681849178,3199870307,4090468922,1114289211,1398185257,972930738,95441423,2284184750,3291921076,1134438205,2580260279,2812640147,3513880757,2832609078,4124727415,430869092,139997360,1386697666,723886697,3521853687,3747208164,617487249,1400729759,2529257877,1171880427,323751112,3019857161,3163624445,4088246468,3303723638,3457502179,1327829898,2853181438,563499758,385190405,218064096,145103998,2284565508,1341016734,2237537563,2162503394,4232527870,383165369,3855717256,1764841656,689714839,3916895097,2851442623,2267947493,3447347693,71307138,709182319,1534153817,1496501272,2738353572,1666714890,1756493265,778871014,816136961,3507857437,1359914536,3901775611,2224060374,2094861762,4167311479,3717072578,1425662260,3611070123,3151707124,1636033513,4283917419,1693127564,230228829,2974949357,1171951665,3664560621,912878683,3848671396,1353266923,3815396206,3781081596,2406958745,2592897961,546770161,302433359,3241514267,4127327006,3152812269,3790711028,2925027651,46900959,3035362008,3124537475,621191022,1897234299,578776485,1978330174,2624089321,1355526219,3227654657,967024919,837252979,3637051372,3632357000,1295735414,1842150756,4204613241,65215105,4227968362,162253148,2048839637,3245832540,1747575448,625237470,2208662950,1535054090,4280561054,2069542941,1924547982,4040250718,1071317613,1791696636,1138257640,1407331179,1851247018,3712938333,2932428643,29628138,2922824159,434235894,1587593995,902794877,4145140889,1785922942,190494992,1337763581,1360401438,991972503,1273084718,3546010990,4038420722,307784152,968077116,358540875,3961748613,3841955316,421284845,139306831,1541313622,3169310145,3734006940,2471619906,3429690688,1743904013,2913007508,1606020182,2913229683,293406818,611239948,1254592997,4239782894,1372083035,141765817,3444049722,3037869897,2035325995,3722011857,319173915,1937035656,46627836,1423583072,1251070993,3545868830,2825477300,2062600580,2739471697,72513842]},540,0,0.0]}"
11,4,62d1a212b8db75df4846ffe97bd3f68fe5459659b1620bfd2c0c3ac79dc77a54,final,5092,38,,"{""samples"":[0,60,124,192,264,340,420,504,592,684,780,880,984,1092,1204,1320,1440,1564,1692,1824,1960,2100,2244,2392,2544,2700,2860,3024,3192,3364,3540,3720,3904,4092,4284,4480,4680,4884,5092],""objectives"":[17.30669663342096,15.12498510540306,12.643336505454041,9.478272681557117,8.737696767048474,8.20739888419689,7.5441692064357415,5.569335657256675,6.158047735161344,1.2834421386336143,0.21708531626232513,0.1981252677986618,-0.6488626466919805,-3.545610968887524,-3.596985656642382,-3.7333757525356415,-3.831883751406341,-3.808464762680503,-4.159351232430929,-4.2460392542050585,-5.308589120422318,-5.974975645075763,-6.039009035586045,-5.790584345799804,-5.756660107320122,-6.802700109564883,-6.850145140772816,-6.8544088219956265,-7.028764386663428,-7.130048567080665,-7.136490850661415,-7.158921798542066,-7.098849861238454,-7.231344413897394,-7.487376523780375,-7.462728001096848,-7.5401283782002,-7.5740586848240445,-7.473725534294489],""final_x"":{""__type__"":""ndarray"",""dtype"":""float64"",""shape"":[10],""data"":[0.4640103854433827,0.3689871779356637,0.3762822765469105,1.1200999867640589,0.3962999717755972,0.3833422647342334,0.7312511548056696,0.6800703399404756,0.31156927719657157,0.35083340541703156]}}","{""__type__"":""tuple"",""items"":[""MT19937"",{""__type__"":""ndarray"",""dtype"":""uint32"",""shape"":[624],""data"":[1534800394,2745985798,1467696771,760515444,2302499271,3699313095,2114465081,3205274547,3283595500,314673728,763805716,2425502079,535214205,2453532193,1426921007,3291430032,1619114686,3182179864,3135832913,3418768982,1146002307,807347655,2762146025,709179585,4068094278,2378408797,1588227506,4282854333,2709232068,2728523710,4106779046,443083326,4085617533,2061174185,1811479424,4259841124,263755683,3956836430,3577715076,4006580993,3408684293,3989347030,3385608614,3103679350,4192169546,3738108579,4293538333,2298117665,3569823652,2548645686,3298916319,944204339,2596031798,253327434,1182576646,2476733736,4007631194,933507238,3197714326,2178328181,3324022073,1736977735,1086875447,1686700453,3034944446,752978742,1527621276,2366468914,2495856589,907609479,609986119,443756026,1832692121,2944107530,646906374,1084710259,3898994561,2365476910,1711386642,3754820515,533071120,3734497934,3279390748,4142233605,3739831536,180544650,2068251206,2931199074,2133932002,1085094421,1423361068,3516368947,1495401107,1241037809,1166496606,4214708194,356858275,814806044,2432446772,3952749717,3188719871,2465087135,2748754170,1776631465,1288757222,1257176487,1160349665,3381321759,1746587999,372660638,1026701582,1490589444,1508232953,93009774,3326130,2592512843,4108701275,3773755373,3043888280,797680302,2666449811,84395575,3489672955,1054777892,1713257355,4034390838,4257837512,3271684664,150946669,4091557393,3370630180,1088720879,3002937319,2366238887,1582873271,3542407198,2430626219,3702697336,4148984909,496763066,261134561,1253839447,2751859573,3458076183,3210648792,2351482383,1839055446,464564085,2105094149,2393089450,2812056936,1623923733,3310204051,4063204108,3462918511,3122422502,2438592683,2856554799,3721282243,4166018195,2238306260,3295455015,239190876,1205667652,2583649571,263508396,1547185808,4135380146,1712941134,659049262,2852696513,2875233066,2670692728,2477761401,2784393222,714114746,3620555960,1651253782,451359439,463508932,2588028966,3858639652,4216249188,3077664856,2766708231,2200986638,720986986,3319709907,403512280,2418039515,306177680,1735836568,2392120944,2967982453,3107927215,1607152730,2124647184,3254693550,3573382375,1497011300,4142936556,412999644,1357528462,16722687,3844237738,3176738147,1423914392,650561159,334648369,4024870173,4001210683,2724413195,3884982968,3543527836,195532904,743432112,208324608,2198053631,311651769,1221391320,4010868948,2331787162,892091609,601414637,3106731178,818759025,3537639020,2500375818,2182558466,4062796960,2324306983,3966375757,1380241720,2226586869,1697362405,1643113737,2938592042,1327685754,4256199335,2333049898,2867304404,1922139712,3851783561,2350864633,570079163,24840548,3627461806,994826150,926090461,1883165175,3818012018,1951962504,3334679702,3708402466,3656789260,3686046182,942529851,2988414330,44059363,1177198184,2301930251,3979842889,903543374,1692088042,2310553869,3232541969,1944477618,3387594242,38190640,2434155969,1268811236,125225724,1525640515,2089682610,2432485385,1431179105,2441794394,3239850424,200135224,1985923859,1275474064,2941166856,575622280,1713435147,415190273,2224579955,3458546469,523592977,2401714775,1408357805,1454838099,1185544345,1642043329,1790148788,1347012430,4075041914,1453690439,715218806,866737655,1258481775,788580085,2719742717,2124415548,3083047635,949521186,290141755,4096396385,3398422583,1541518655,4172474480,2500703099,3028224262,823411985,3709648504,1216048898,4000646674,620106207,2683664106,361396316,3925941419,4260205109,1348115928,41410316,3312518877,1605728642,2090469374,510228626,4033540838,1595732100,2491516599,3143357618,1029256686,1772951793,3949769133,4175957628,3663622762,1427289169,3145484042,2005558540,4168527912,2823183013,3575498842,18210921,3542577413,3871152932,2915825861,2519228874,3108763681,3929991993,3284695022,602221313,2590406026,3010097414,2433590741,2017713317,214500591,2693748400,2447667713,3382358077,3041758659,602270284,3582754215,3877732852,3655398146,2891355008,2898553734,3564091517,992053751,685369732,507853798,344347960,3000647274,2465509244,4156557520,2007573786,104823199,2112929017,3245058187,2883191983,1129268940,3206277252,2338627000,3428708704,3139456150,3761031028,1914507435,1266816958,472765510,3738450956,1871032864,1138748254,759834271,3337516994,2436600988,3592847183,4171526206,3948365290,2791205638,3707013388,2237669963,2614074119,792655653,568038218,822675904,2920089542,1313651918,3910546583,793275486,2650438436,3422478430,267823472,477690422,3261348340,4060861641,840387197,1987040968,2653136889,1383883525,1442841028,3226884867,4083935353,3328073912,148568088,2223375706,1611528998,335691981,566110096,3661562021,868511346,1806165956,3053640769,2947304976,474350041,444945864,3982939305,775474146,3691824756,2465185457,2223018782,348988450,267741911,1537709196,2250514981,1968506402,1221099660,4251144530,3356977294,2092062991,2671574399,4062308343,2632471844,4086502774,3576090263,4223751943,3742718902,4113471811,1214032945,272813157,255611365,2130460834,3221420569,1250409476,2875264529,2017336491,2397968093,4116610409,1066864475,2966519756,689250617,2653520570,3124734328,1722240729,1824054382,2832615870,999917330,4019000650,3648934788,1804049526,496103361,3718171895,2973222794,4029789924,1407285685,714677713,1068109812,2997508208,2072365248,824271673,2874870764,2711736447,3715965280,2810749378,2075194849,3595711071,3192101426,533747634,980855105,95440131,3336712769,1284432384,2964895523,985210673,290111886,584255467,1336062443,1998262700,4271804861,307499870,1855296280,1107759541,1160060110,2906609385,1864185147,4039523678,3382861987,749091230,2047882222,887625626,2677793973,732731885,3667405951,1084643625,80697201,902944910,2217481624,2208527001,989835630,2678388322,763730711,2859246160,1313480084,4177064877,2970020753,1590829583,262493461,2270105033,4233718684,918299511,612231563,3063933590,726427645,3745214982,3548342009,525717871,515576537,3711667214,1100544868,316874649,2031501681,2983032658,693033051,2367985124,1818983979,3650792471,3944692087,3596881745,63848038,500480194,1220464559,3468968835,1252619015,2099377955,3693914351,323353164,1461188779,1207027703,4048449476,798286223,3871037988,1652361210,1427865113,2810918016,902031538,3403218214,3245357838,4074861064,278650311,3283268967,1320845039,2539368667,802791469,722471951,1305969757,2759342811,111355966,4090612335,2849258663,282587677,574053355,2289635584,362371821,625567640,884794919,3964824243,3153110841,1767827490,2643604593,1366768228,581266370,1182649497,2878629612,4192341709,2449947825,3736619795,2121514277,4094318900,4074399232,901544967,3844267866,3348433595,2731852216,3282299328,675197547,703439514,241306903,3296446253,2793215228,3794539267,2545306072,3251224832,1587866817,3934330324,402381849,3337280751]},320,1,-0.9168014817830613]}"
12,4,62d1a212b8db75df4846ffe97bd3f68fe5459659b1620bfd2c0c3ac79dc77a54,final,5092,38,,"{""samples"":[0,60,124,192,264,340,420,504,592,684,780,880,984,1092,1204,1320,1440,1564,1692,1824,1960,2100,2244,2392,2544,2700,2860,3024,3192,3364,3540,3720,3904,4092,4284,4480,4680,4884,5092],""objectives"":[4.499820940201259,4.355964772310937,-0.4111091883112799,-1.0143180906997216,-1.1794501190847602,-3.299336547833761,-4.221261172679403,-3.355187131000198,-3.318808174445614,-3.4808844167580197,-3.2088922270211397,-3.988045501421843,-6.574677179791656,-7.047460365309998,-6.171682860834491,-6.400448157546042,-8.069621810191851,-8.582195503595921,-9.162180319429554,-9.39619623475288,-9.474286040835176,-9.55730222261204,-9.64767205319154,-9.763100878719797,-9.79559959131762,-9.78562191913477,-9.791371317109894,-9.800710200939026,-9.861829960568349,-9.828030739850396,-9.819280341000798,-9.917150112268471,-9.937439298792627,-9.997228526140807,-9.866110987522875,-9.88408403619013,-9.997742458123641,-9.947729969873661,-9.92950016203831],""final_x"":{""__type__"":""ndarray"",""dtype"":""float64"",""shape"":[10],""data"":[0.49922112726061396,0.6481943225387108,0.6961177208230547,1.2436581550372734,0.8954434952351149,0.7499382652326434,0.4439787275928641,0.5756291618638951,0.7138800844491895,0.36519508991868177]}}","{""__type__"":""tuple"",""items"":[""MT19937"",{""__type__"":""ndarray"",""dtype"":""uint32"",""shape"":[624],""data"":[4179069407,3262189166,2108501699,863383895,1297595148,3474081368,3903535119,526876426,2339060764,2954855760,764024044,1790737717,368894756,4208448235,3489677036,2587125657,2742828254,4010928667,1585417037,3549997454,3763732366,3966131677,843201298,2221002753,1557594354,3991324779,1589960176,3764731943,3750010392,641566884,1740151483,3542784155,524849596,749093728,204082922,2305706619,2299245164,1370272758,2130365963,2702717510,3677493713,1937793190,2857480956,3644555121,1353016029,445725242,3449867585,1944883770,4036713200,1674449957,1006484531,1502120487,2606059091,4219659181,2075573621,812391086,2385335357,470538096,3977105750,2512051095,3737042848,3942481715,225564759,3317652786,473030466,3305245932,1566670128,3430695463,2306622,93416921,3428266164,2470268302,1337963355,239329270,104350109,28288427,4138481936,2543488791,3517864617,3885598747,2402501013,1586664924,2966534705,1462965342,2822928456,1100908069,3183894618,1801475562,1892652491,1679215724,2098351908,936438197,2726400905,1489460468,3696252457,4058935403,2763367182,189878581,1135697851,2165343191,2126853309,575543019,3612871923,2450328796,1085025994,66200811,2008016282,2467344633,135695664,4267816913,1415379197,2352958702,2798301947,3180623906,2739650747,3848488929,1632447044,1892750868,538584558,2510720740,1500856140,1387186784,1874570520,3867599749,4106547612,927576070,737921030,1981368008,293843540,1155843071,2483236059,1313571183,87882181,1918622261,2702346995,4216837160,4182187892,3264057614,3853625489,3885588179,756761908,1073606371,2462501165,495657075,3383604717,2177250224,1953743732,3264086450,2497031372,778255778,2143543929,2849438867,829127093,1299327619,486037476,3585612517,1285582545,2185828431,4266292991,1549692397,973502220,2548785904,2415467797,874382359,4221566633,902049692,2351255519,3026417031,4055676112,671117192,904697754,56237704,209769353,476617037,897026295,466039600,3798992254,158673843,3617072354,3991552564,2855443982,2173773170,3055730041,2335762046,506423950,1897518237,2194971214,1894683981,1663278242,3435068492,4146343462,1355531534,3694512759,500362226,600364626,3049310283,3004751381,475556108,2528529004,1098773599,1895594050,2380021775,3647956315,837915721,3669064475,2104244556,3220018161,500278124,2211698558,1645597038,1113452381,3987545675,2092781111,1694690383,4169339183,1824582233,1839933844,1932169807,3622981035,1348948880,3301299152,3978384961,3065557037,2189719323,3767488643,4095292298,869695111,2243812874,4141279583,2427232355,398079211,2395303444,3421054747,2770327395,1958732383,967436831,3343282306,2246125209,2876339152,3883154089,3385410331,1161662368,223127142,972079180,299392365,2752794805,48776858,819045352,3723227150,4080127110,1648378176,1376983736,1033811614,2259533012,2552986560,219640651,2479125849,3125223607,159096257,1719850613,2390889740,2933710235,2389945502,626525765,4068037198,457270782,3234393985,1050171023,1645876412,4158834817,1613619216,1916883148,2209393605,3751141227,3095995660,1834083943,3024846452,1096112340,2317007871,2141119876,3872271800,597018252,2661818661,3684890111,952985873,3189198421,1464260357,269437739,2365606639,916301460,3849207750,3628021247,3924438285,2190238262,1432773960,2887722031,1766664388,3798904432,1901168190,2151000563,2488705640,4058477914,3485278867,1139387694,1499724165,4284500429,2482136410,1328654490,3575042328,3187100110,512486501,1320312367,2661267703,879552747,4252436868,3638969676,2089362870,687556129,463532389,2675516,409713971,3348164805,2742220218,2444062368,2622679347,1535907278,3833387085,3980886326,3633148031,3603586086,588411962,1746434401,2196184628,2664476099,4264661737,4027354754,2213834187,4170844417,583915801,2911065649,21631102,2296094547,188400151,4172829155,4173797498,438240422,1502566112,2213815621,46446817,3185939379,3864881146,2292744348,3259120390,1696367498,3661014246,3197750281,3123210957,307497249,17751191,170833267,1162828597,1270954185,1475147050,513338611,2821063259,655147386,37523374,1813509045,1750156132,3445223085,2524026063,3034739304,312574086,3029870,3645638474,3606492504,3211369504,3555007930,3764428882,3202090497,1975886239,2834666769,3755389766,900851111,1111796784,3649722141,2956087191,3411682024,3509141636,4286083870,1121605315,3301066964,3484254329,3820155340,2608308488,4144631432,571007521,734377509,3515866658,2816531152,3195147735,2481006958,3829725997,3763934429,2285658370,3143092705,157693183,2743999356,3079082964,3383967485,106791058,2906604818,2215960900,3422980618,3828392498,1207965926,2183131264,714879916,286994693,1700369552,349119951,3266032894,2971244348,1674235054,512359233,1418497322,1976765333,2052084968,2729590714,3769592383,2903904978,3968851170,412111547,2462826937,2079862135,981345156,272559407,1452185067,2281397878,877335320,1360219355,783803631,2819493465,1304230275,2687643223,3495610755,1872038382,3838688988,3229822422,2062682523,2946310481,1610452929,3054112070,3666617155,4199823059,1650028858,235142541,4063434524,2816152441,946736718,3742406219,2939132730,1442315629,3431505501,374265340,1851133599,1919103122,1765213579,94029654,3437978328,1549677907,2596259317,2432271947,3948497743,553532690,2475293921,3938096785,727127711,1216783914,4232975572,2057449256,1577958120,2588710112,3352826776,1260098237,294078205,2709907192,3768137220,1798027962,1706171997,790402329,4133349916,3286220387,1985695615,2373480726,2643396525,2837373034,3154705354,2898730239,3264441544,2388014498,1629898361,2057883611,606233864,3232851599,125686221,4055407663,1136960376,3873564426,3141902259,2312927926,1739286304,1603491833,1605638684,3414464992,4277098610,1984149129,3872918020,1476686057,1297830969,4040094766,3396325608,407076215,3083120072,4002651006,524518358,3780042499,1307806579,3609665534,4160078444,3954453953,1348634853,3487383225,1861876217,1501106428,2155545582,3930174188,2671461393,3238472279,1703224798,317459664,148324292,2310781820,1855123894,3927781357,4056046500,293652786,1175776920,3548905032,2323006734,2952683776,1720858341,1609639822,678097925,71010034,3418856851,963639064,1310381328,940517839,557217034,79309482,2458033223,1536095791,2903532737,1805454529,3270667320,4243767477,962419508,616309236,4003364380,2482519810,2033796645,2992435531,3872966640,3062669711,25131730,2986372615,2388636048,4202945402,1937390740,2783077570,427280677,2152076184,4056419659,1906314641,1494238153,946806469,3456498722,2435863591,2929802832,3625574820,40540304,3131074750,3929841305,3646149978,1676176731,1164346464,2852659364,3193695212,3481973308,1175773713,2202640205,3933624688,3236471687,4267505368,3963033073,311409070,3794306621,2041076874,3051900417,1158609492,1497541563,4227398696,423360505,2345483392,1611141494,3877240607,1119870380,592728577,743188358,521783841,1584379880,3055354732,2274072081]},164,0,0.0]}"
13,4,62d1a212b8db75df4846ffe97bd3f68fe5459659b1620bfd2c0c3ac79dc77a54,final,5092,38,,"{""samples"":[0,60,124,192,264,340,420,504,592,684,780,880,984,1092,1204,1320,1440,1564,1692,1824,1960,2100,2244,2392,2544,2700,2860,3024,3192,3364,3540,3720,3904,4092,4284,4480,4680,4884,5092],""objectives"":[10.364174090118263,3.9218273211019294,3.2778528708904426,-6.177819123093708,-7.746090575654593,-7.749432212062873,-9.018643158770228,-8.983934563644839,-9.001870437019322,-9.072280826759211,-8.99028503319781,-9.1508366580275,-9.041972778123897,-9.093742926518066,-9.153853666417142,-9.111224674968144,-9.193639198919302,-9.215220464653521,-9.23810877758015,-9.249277245593698,-9.161352252749671,-9.253711565170285,-9.289487549102569,-9.25552559469523,-9.23741127498874,-9.27266906151109,-9.216991001612257,-9.201729301543052,-9.280195091612836,-9.29759694086065,-9.344156483180432,-9.305734793171556,-9.262691532745901,-9.404758171092848,-9.436897711809044,-9.303453374337998,-9.414413653724951,-9.425707238101724,-9.399299859778777],""final_x"":{""__type__"":""ndarray"",""dtype"":""float64"",""shape"":[10],""data"":[0.7450384716017944,0.6780882781377159,0.41721801142447107,1.4450677099924505,0.5706731139123808,0.5041569528330152,0.493125912919215,0.8520647595562001,0.49037284655225255,0.5464926416485015]}}","{""__type__"":""tuple"",""items"":[""MT19937"",{""__type__"":""ndarray"",""dtype"":""uint32"",""shape"":[624],""data"":[4540790,1938799314,1614804184,3921098285,1721728315,2606705045,2342486782,1564322607,3479802393,557426062,1030531970,2384357715,3014292705,116816076,86707783,1307247386,3685998310,69411570,1490541436,445929303,1331481809,750473512,504539747,2029328403,3557078429,2514936387,2986472846,1142764972,3137871244,2667319228,1431125140,596424364,3634931636,154575031,2063175125,82856623,103931796,889490703,156859840,3664808183,720262890,2683648080,462458469,416763130,3061875765,306271992,659815530,472340594,2368198457,3559994671,801202781,3966548405,691140637,242144674,2240629729,2132992423,2332577568,1086066316,1769666046,1790700488,440557599,1796321782,120390595,1497098491,369845156,2445988859,2864595038,2833731106,2942084183,4206477650,246252855,2821015827,2381847014,731018137,3004770167,3711880239,2056468792,3585324226,2148914901,2333642328,831212375,2134742186,390201792,2338895227,187675655,150791880,733214400,2433756934,940937977,2370091369,166078186,1377234581,2611444343,800813236,735680556,1685567824,2619317578,4131468269,1309802271,3579732824,1967122346,755945774,3107735660,792503676,595091682,422045862,1332783568,2294266858,2527285625,3015856340,4228404409,583940733,3178950429,3204804967,1817526987,2142756939,3622002621,2991024042,2625339957,2290505310,3941382334,1958534258,2111499790,1484750014,4127119262,3846644692,4160749848,1099879357,4184217683,545482869,3283201433,3666301711,4114701479,1586255775,141539997,2696778852,2515616782,2280160582,2558839604,3470147360,610966534,128345018,1755793878,895931937,3881671040,154042464,694828953,2949476166,3186751824,3750497943,2635519918,2507646431,1182183319,3646947472,2123819228,433561563,1510277214,413872915,1743491600,1347397377,467379380,65148238,2274409051,3013669571,82206617,2313068130,1015317694,1949239490,2850478248,4256667796,1223718656,672615490,1027967979,2208952790,1966601045,432116069,2582445606,1365148913,2417230627,286188383,561951423,2169903108,2827577789,1591498546,4163559367,668265584,853633974,3499599855,2233770827,2396538676,3815986643,2911281784,171345911,478984181,2787136761,221544019,337549371,4101602510,1086350109,4203507419,3676948670,1576365134,2835051801,621331786,4263993728,1300858049,3372980856,1796455732,2673541615,4098392559,2862327008,1527651316,215438493,3403447588,1237378080,984953635,2801698421,872786282,1556663655,2352219313,845462713,2827387761,588978417,1276426937,1987242380,4139198868,2767182512,1388002274,551435794,3328150975,2484099199,266142849,3748216715,2143627271,3620831653,1639614237,1389891346,2088210045,1005221839,1744842940,978237322,2245888270,3730744899,539125657,4007751243,9397598,669088414,1663832432,217357964,2252767082,1086964481,4056323734,134852587,3344948657,810792240,190436945,796084217,3645500993,2411425155,2531030997,813422494,4058231951,3666492739,3942050839,4145514874,3092617602,3950319174,2223877243,1624593745,1018603503,808720245,3174554095,1519563995,3820663489,66478190,1287068782,2838348043,1337086058,3847361608,1616859951,955047718,2397765984,962900662,3197523148,1538406668,3664247298,2853088523,804910994,3180368110,1042602545,328271939,2048027985,835141214,1679170886,569623445,1384856028,2531515978,1033682439,2761635038,536202964,1395459400,1361535925,1346879304,916452581,1452556107,1346964343,398438415,1664313637,1191097454,1896301566,1745873292,1459323328,4098529548,2271551784,543518074,3915915807,3124429299,1994079874,1928910640,3500598751,87918133,276408623,166953630,1516648076,480504027,970750670,3033598444,1090578792,1542398248,1242447537,1814501532,3833165540,150536463,55831146,343652330,239558871,3057535210,1354353479,1404824036,3043817497,3200678553,730190138,1793232327,3971822876,2114365950,1139997118,2909508387,4027798046,2995385594,2237064983,969213045,880591822,4225277435,2987703393,901399769,488631175,3069796393,3306327153,2189214272,1524081534,3703699476,1695062244,3452304130,178770845,2843346465,3475051105,4191133018,386457642,1993676556,2857304149,3451977678,2971440006,342425204,497172966,3828382083,2798704181,3830184272,2241487135,2935551707,533267124,4106839381,125604835,1296461102,911454296,2382716646,473009449,2168010179,3942188645,3356316924,1750843789,2272125027,3716299603,3828009160,1794541345,2160780523,3886742030,3273386916,131796484,770844977,4131975980,2428499494,1710552136,3308688637,3880359362,2243652939,2594435077,1295722635,3946774871,2966252002,976480557,787417299,3634565359,360906351,3048514206,1179701005,2115284982,3646009585,324514233,1657255378,25422179,2100282824,47424786,3844202656,2678005198,3666753839,3430263090,3016573782,1357294750,305203013,782278447,2089948736,4239583069,2524252914,204007011,1424669202,2425934046,3138374389,3118703891,1308675927,1918990548,509599371,2812839631,2041449147,2271859477,1247627907,201389536,3570238108,3661442883,2438620513,4181488106,2120502173,3419000835,510623511,572650554,2252067396,69269081,3992402497,145916007,968039615,3378990202,238242417,1224116467,1113975372,402172434,3271704228,2195206046,2959097718,1769714178,186978451,3812079528,1151844681,1066141287,80989086,3613021686,3551271962,1037697839,319623467,2944837421,3867772561,1738256675,3926332406,1023702953,3174872102,2249168429,1022385408,3463182038,1821763716,389114889,3328166378,1261405725,2369479547,998431258,2561937642,4292027766,2318781504,1150329766,1451408266,214823745,3719696484,789858838,508612007,2883303163,602257573,1259179976,3609805352,3421669442,1507919688,1643297435,132974104,2766092084,3675186195,2893274346,3095030555,2494867342,1276853850,1089133985,434707540,1736242729,2650969459,183765040,3091442679,3469439816,2552708826,3747877513,711781383,3308497528,2875016881,48738387,983938498,3193742074,910186936,2973432755,997518718,3230266718,221682666,1222316437,3019592932,3383780939,989220245,2708562257,4029798903,3028076677,617214851,316797171,2851012268,3300551056,3274248798,2397624815,1216085810,4049180643,3357441648,3191919624,538380911,3069130099,3874395144,114890872,2494356276,848494689,3551711251,2019368477,559149384,3286310693,1993181617,3869366587,4083514460,1731689505,3268820164,1924723333,3663887765,2441930246,2138630646,3455941405,1903917683,2762501402,1476735244,2003432263,260713969,1815006207,3845261163,3891623680,2654612597,2609779852,3225340122,534106015,879119764,4065237567,3690291531,2507647463,1163045624,3262930584,575910649,3315381114,1807794090,1145492403,311807942,4282347287,2419954151,3411128845,2578606502,3887855129,2236892067,3343464519,2226046348,2377155946,1395303955,4172823932,1017602994,3317612172,2632044732,3644537491,4280583671,485643210,3666287534,830316528,1996476501,3105609616,2502882059,2680905117,823935016,3351686065,2735522252,3409753240,878489424,3275312927]},580,1,2.2313371961312516]}"
14,4,62d1a212b8db75df4846ffe97bd3f68fe5459659b1620bfd2c0c3ac79dc77a54,final,5092,38,,"{""samples"":[0,60,124,192,264,340,420,504,592,684,780,880,984,1092,1204,1320,1440,1564,1692,1824,1960,2100,2244,2392,2544,2700,2860,3024,3192,3364,3540,3720,3904,4092,4284,4480,4680,4884,5092],""objectives"":[10.19313214413097,-1.6980229106513105,-3.4476317914147763,-5.2945294723677225,-5.328449064586392,-5.422658312871179,-6.187927247834637,-6.138136692042437,-5.996978420917625,-5.373176580505444,-5.408817003617953,-5.505602276106758,-6.015370011311343,-6.7678229192929935,-7.133513069756364,-7.593533265526272,-7.640182578821509,-7.638073694479732,-7.9610171777702465,-8.185236398860058,-8.423470462362657,-8.49529324809464,-8.800585741696306,-8.84759467219482,-8.963927363632221,-8.886614509041847,-8.948448008448622,-8.954665099506288,-9.00856097191267,-9.016519235573986,-8.99435386515105,-9.01448257142842,-9.06900013877111,-9.046328383096682,-9.068361546144981,-9.050863300278998,-9.092087457601526,-9.220685656980224,-9.20618025986473],""final_x"":{""__type__"":""ndarray"",""dtype"":""float64"",""shape"":[10],""data"":[0.4327955861706144,0.46136977847225596,0.36522138679184046,1.2134501222837664,0.4974873304038366,0.5031762846263488,0.5737997769113354,0.8542564850787,0.5258401349669156,0.3777448219922039]}}","{""__type__"":""tuple"",""items"":[""MT19937"",{""__type__"":""ndarray"",""dtype"":""uint32"",""shape"":[624],""data"":[3980173580,4190995914,2007293181,3125789101,2848513455,357810575,1554417811,4189339213,4157537622,1934427317,14120269,1176747522,1438697792,1522899496,2047957892,583569288,2806227839,1699204967,2866749779,1759788151,3465229381,3712935140,1967500258,204715636,3497249469,4147562824,3471231993,2228430983,1268938701,1522485296,2757823020,535036251,4044607352,614277475,3647995652,2291413544,4099027860,2262138009,702929286,700752375,1602138642,2176319329,1800923262,2452078346,182737399,1649476245,2738033137,2239713349,2936595195,2473987188,1895860834,284310244,2887791349,399059291,3141639276,1549281528,3428589004,3732950391,1266013867,3455971747,3979601717,684678748,3555857556,409806133,1784417543,1099143851,835802703,774098714,4112326713,4115316348,114228765,3153472740,1962662751,1169736630,962326924,849565095,948168001,2630341807,2321391879,1474966154,3040791776,30135019,2875810506,1447341785,108995438,2418926477,3577658387,1268914610,1915888639,3222212354,2784857907,1525522207,1320061988,1618050249,4218585389,1247240445,2216904432,2417761401,4186106714,470887430,3897479530,4152291407,3999686901,1981062353,211562344,1675675189,1812864106,3914490501,1729629088,2432539367,1397603934,634853089,1193010174,87464384,159366990,402588894,337984535,1389652390,1190586901,2168328610,2781855621,1800563088,3579598849,676997278,2285432665,3318496700,3465408446,3088727677,2500087915,1524850862,2157390220,4124076991,1167278401,4066627252,3776961772,964202325,2608242999,2159650381,3006873489,3140255815,2180870445,3130557614,2843893068,76705499,3402007732,2820338042,4058333656,1243253400,702410756,2735811823,2491291327,702164521,611623571,1445812298,89104268,200381734,763304666,3327342762,1564597827,1137323615,107419203,139772834,2167043567,3261703202,3694151254,2217731039,186829915,1804600825,2318589567,4135629159,391621422,3910258873,3437284603,3290389321,419209304,2394270664,1317333029,2687821336,2839794369,4289962798,791129724,914059228,2007112461,688702340,99564788,1111203901,3000446718,912724474,3296264595,702959195,478595201,2363087338,3884460494,3201520643,602776253,2777229478,3063694490,3970653472,2365471409,2673265212,1517498945,2867255133,113325647,2102761815,1900510267,3109640669,46678663,1838504740,3024217830,3816324742,4062994555,3085672281,1666046355,852937661,1870125303,2651665431,2515965498,2473457881,2050460458,114282391,3189809652,3527512860,2247597098,2103431679,4220188714,4122896269,1900527041,2748449134,2130182348,4027030128,250919635,3762596715,3404417467,3932077532,2910194512,2310931266,4170782658,3847677847,287714051,2554571658,3066794269,137487328,135463048,3365473370,3785782974,1918356787,3270656249,961858266,3678230254,2299892431,869379793,2242505981,3766859530,2048797258,2145056867,2470816186,980973602,935897302,3232042454,1223404110,2215355876,30557302,2415148759,974621501,1449806765,1594434900,1515490356,3721674283,3716112627,3887558403,355236793,3338191122,1727554028,619573617,2525419434,2604094655,4203336191,904860039,1471548829,2476330662,2862409782,1097304746,3295321870,4229770558,3295953416,451199188,465610039,1728348847,645412315,842901971,662571254,750591543,3028753898,3798986566,1370960934,1457223117,3327377237,2687991650,1735453464,4044810641,2372160953,3145740186,3553060944,1306026050,333523368,2018144035,2740403466,359715403,254359563,3518633104,1967756116,1613647181,2941400983,4089711265,1966273920,2193366089,2412913631,4059343421,3223170717,103104010,1624033526,1612353036,1507598841,4015198882,2071918018,1865046037,3499181971,2859039499,3284833535,1274201688,2398485227,2840490870,1208214983,114566195,2047589724,326370679,4206183687,3774106513,140595846,2872815102,4169751494,2680626502,3075708973,2863581841,2929641,2179982918,2522671714,4022174723,104281486,3503869433,1631878392,2326219920,3809737827,2122490554,784776791,2028889215,4106919945,1413181747,3219037109,2343293858,3360195702,3107430912,1410493572,3505549027,291935402,445674911,3297734111,1799716048,274642961,247480988,365514512,600925173,3759381389,1396291141,2390609613,1559423904,1235272462,2742325605,1835495441,660990330,1942898568,3543358393,607927072,2083247133,2137542477,3487101671,140811853,3588303234,2188568825,959123044,1165498853,2905323802,2607379461,2366559506,395870096,327290999,642067030,714721027,1453160859,2284389424,1666097500,1941929070,3196233109,1734496098,3120521978,1001645175,121913686,3638176321,87931096,88458757,902160498,850757513,692420357,70209965,2165058896,3578377483,2939738239,1284132627,977670261,2500231777,2588330299,3510440516,2801884963,3162507834,1621693715,556152316,687156164,3553487433,511756052,596884834,1602511222,3532532299,1378196726,4053592441,526523864,22580178,2521653735,1661968775,849703707,459259456,2506532398,1432610788,2920587628,2974476578,3817504369,806662976,4122420620,3541025801,1074321472,3193774876,3404835542,1870796802,2918135389,1218826642,3632392653,916728839,918873540,3344532007,3570692281,4053434256,2564588267,2090357325,2710452967,3352433594,2083484647,1688448104,755859672,3788735918,2863952272,2067936287,3204575869,4271359512,4008877824,519798756,1805429047,1131191875,3854261929,597641731,224149011,3262165482,2803433387,454302711,3186922747,3820745358,4047357220,1453089665,1791133240,2090684101,3280355271,2861992420,349623834,1205022393,2417014855,539230980,1986959803,2900186705,230256390,597928266,4196133240,1934399414,941731362,4159225155,3146688268,1596356462,56495134,3338524703,2723932537,634667926,3612414773,1574204128,2967136989,1753922530,548945579,944523167,355079018,2471747769,3866521174,1692036401,3093580067,521913812,1242935577,3863072699,3893009801,728479418,940608119,664470499,1221618302,3965586428,2906910898,1897717513,4149898804,3049582254,4155239455,2439414580,3878989215,1934666714,44210377,4042026515,3197357465,3008339913,365497360,3641541499,3589568471,895437823,3641964143,3907295735,3477339510,4168741672,725589650,2412484024,2338598812,3140890590,121140777,2096288100,40068608,2290088394,2125786543,1265853077,676597413,2203340531,4164963849,1073863725,1020474333,840420784,3395251875,1041868615,2863289733,561570751,806365603,3857923876,2270383287,1186885170,3850525698,24684518,3724956653,2948967487,1636297735,1981799038,225752585,3313997214,4124898884,2529004305,4144772485,1394462332,2673180619,319340797,3787132796,1306332947,3003749823,3689222379,2548348310,3413131797,2767817897,1873141057,681191574,11835782,11512348,3343908625,4033485293,3320635234,1108009975,595374850,1124673036,2092613684,3052093500,1069772047,2144096313,3614199120,4220355089,3086831985,3429091224,4028952163,2896270926,459610176,2048465233,3760199537,1876338160,3027622400,1038873509,1995087944,3194433584,3104615499,1855864285,1356561104]},376,0,0.0]}"
15,4,62d1a212b8db75df4846ffe97bd3f68fe5459659b1620bfd2c0c3ac79dc77a54,final,5092,38,,"{""samples"":[0,60,124,192,264,340,420,504,592,684,780,880,984,1092,1204,1320,1440,1564,1692,1824,1960,2100,2244,2392,2544,2700,2860,3024,3192,3364,3540,3720,3904,4092,4284,4480,4680,4884,5092],""objectives"":[4.15735492698505,1.3233115827203197,1.3440944591836719,0.8014902599509052,0.2820167482544857,-2.4197958830087654,-3.054182653386635,-3.2443946556147414,-3.3922088722016857,-3.514093841432814,-5.8342565329570055,-5.001987222860025,-4.14669384901384,-6.6100632435846,-6.577532467086751,-6.5857886895702356,-6.773493233334283,-6.800101431056677,-7.076025544026604,-7.2711073996609406,-7.507283915347414,-7.549627709650207,-8.225370127662936,-8.289709140087407,-8.378456805856766,-8.373745823676188,-8.408045393085695,-8.498350525212867,-8.58223647821769,-8.659007844113296,-8.72097650336022,-8.693805148150066,-8.803349450196114,-8.77553515375953,-8.868726187149962,-8.907131074992336,-8.897618121068426,-8.866565568676243,-8.916544538919938],""final_x"":{""__type__"":""ndarray"",""dtype"":""float64"",""shape"":[10],""data"":[0.5197071203142063,0.48511936261402144,0.47922299575580035,1.0129405512555407,0.43608411110982104,0.5802922953357341,0.474292428508673,0.28128192154490184,0.4115774651108263,0.4146164000018986]}}","{""__type__"":""tuple"",""items"":[""MT19937"",{""__type__"":""ndarray"",""dtype"":""uint32"",""shape"":[624],""data"":[3257621947,2067301469,3669501212,1404741466,751649325,2122921977,3626406502,954955930,3644773951,3714877644,3691276960,2759623508,3903828256,652277111,1930470277,1903100237,2388832468,3062968870,3686113577,860145749,3747517732,605437338,1427290111,3067755133,2166446584,614384474,4157339940,2202540884,3654075703,713262380,1432440582,1084143582,2876696439,4227402709,1966054161,899611229,2304992012,3400672288,632376119,3087972730,1808843786,2918934964,135804069,288811373,802108328,3775707242,601868875,1622523449,1027476116,3906703617,2400505768,2390519748,2254565460,438251595,3741297234,1268284740,3804961615,2340436918,407480953,3250624847,1121895447,1434348401,4030184572,1908346945,1114122056,2465378925,242628005,472972739,3495353349,10273685,3995582399,4214939739,3395887779,3519378318,3502154140,3812623800,3475070836,1783644331,1711600796,1806799706,567636563,359739293,3805713836,561490183,3216238328,3753101162,3309855969,3941217705,625906291,3278023579,2934985393,769304527,1728724256,879424456,2432379577,4292124998,688139904,3639210238,825355112,2992921998,2214273865,3163631268,4264632132,4043573620,3832619082,1035902425,154444599,3734486261,4150602169,3366491148,815006205,879709984,497855864,330293881,387883822,3834231228,297534602,649004496,2380790003,3767980854,2290595463,3051175115,312549018,401780132,3483729913,86105176,1157373502,3823651980,2543434566,3225102024,2369105731,1794577445,2117682721,109644345,2938385568,1930465879,2688796800,860754868,1022125209,18773193,2817708301,2470779057,3252972040,1981281101,2403505404,1837295622,3374075367,1339812799,4292540733,3699039579,2372781662,709411737,382249769,1938950079,3632491789,2212201038,2575419013,2055170061,1360444483,794412780,1065597071,3610352400,2794440208,1874806781,1958317450,2320637663,3206537905,1142644657,2847307409,4215168289,814774302,3409911531,3510811498,3796721319,983963297,67000125,3197635164,2648861757,2997128235,3677552001,2879695968,3445318443,3043604810,3388137861,827988119,1261477732,3469268854,3453003935,2403754351,3433640443,2009803927,3989849383,659154194,2999877174,3515866664,590606346,3542024571,1116264149,2170500176,3387686249,908226342,1009285009,992535253,1234462422,2233798251,2415401181,2612226121,3278636553,2428649235,2304693890,4103730688,1753579953,3157896803,4198118779,1923292733,579160145,2586538941,1526642898,899064341,2476682717,1077374075,3013772057,1893420503,949875001,3397632004,630532481,2947304783,2265818174,70349099,3370732868,1958520858,3405260702,4246300480,680515602,401384642,1575117898,1230384889,3402440575,47451959,3606269444,758317245,2759207537,1301712472,292582170,2929909544,392142727,3067332418,3028565833,769266653,3747117943,2373002563,2041403080,1089546093,4277697819,2173532809,2240453698,1704055951,2927003398,1005549075,1062808876,1984346570,675368122,3311507240,1713973303,3857641655,1869032446,3225416214,29835941,3201304880,3506690991,1995106480,3286772597,2235320058,3562496542,2937496728,3137959093,1214629855,3056685467,3595582543,1683582634,1081787190,3121350798,2950291048,2897173504,3949184925,227939500,22229299,3831743637,3328099448,1303497444,902646520,411963934,3857117592,2376430321,466868975,1141229030,275674486,4138824512,3398256897,680842762,2823684257,747329849,15764462,3890475440,1186915955,2277916832,3258258423,2221466560,2991581257,1442026004,4031316683,1493710999,3256385891,4057382878,1238678142,1574063888,3037687312,1002227296,3110648966,1783200859,777441946,1529419061,129521256,2904578660,1200782026,3055727959,2175592054,678492624,3599870900,2316403460,2791609440,2885163439,1900970673,124611570,2825354374,163333514,233178685,3619467189,3342072543,4237013486,1037235204,3469648790,3091589860,1477681175,4079200279,136349833,4175672580,920539371,1785430760,16674073,4246150606,2081554665,1116086676,2070663393,3983791298,2312974761,4025048012,2120400324,4070299295,2613145691,1539633735,2733095383,1746882661,4214660295,1758307341,692876968,2373832112,1309780570,1028352197,3852741439,2938055944,674047350,1941016605,2396683702,3445050801,2805267670,297304279,1593539323,2773489083,2940147684,3851700445,3080270314,3661116256,217586976,4044616836,1493441160,286520165,1925802977,4290144462,2604932628,1011035952,1401395886,2004672531,2819906284,85163650,3211261328,2180929740,3271298839,2631564833,2480895038,4006569157,1795757974,3707654311,413239497,2975143905,508878200,1314101227,3620225203,74641574,290168465,3296831501,4028144786,2774019588,2572724857,3105626918,2010447617,2194352479,1929342510,3543067737,4005952636,150253159,309615974,3436429803,2885704170,2955396372,4160906793,2576758744,3444157427,1030295263,715391437,2950724237,4174441821,816153788,4046216842,3067563409,4023310727,365015516,2954157017,625820808,1708127536,3487014632,2022878153,2652544144,293374190,2947275016,332237052,2988438385,2858053751,3736721012,1204962351,546639709,2232428930,435989008,767225294,739983935,1829214952,2860606757,693249402,1712804429,1538742934,2562217059,245188790,1322175272,1637122381,3907665316,1794307937,367879801,1556721433,1992171926,4244631901,1017574368,377613111,2558803285,2008886777,2783609115,3670821342,2778197236,933674070,2875915174,2627678088,244557447,3207171122,2192817274,2981012915,1064871618,2678627919,656649233,237323380,1770075103,909769727,3434923670,369632268,3600374115,250390260,3476963671,1333129095,2682157503,4209773146,244321915,3392370529,3015085375,1693119421,2756937945,3619819053,3609468269,4265874916,4072613292,1026844315,3509798765,3038221206,1211407156,725480289,2018217980,814601218,2232252249,66038858,2010779710,2328458263,3173800864,3283760056,3238563521,2604708432,355368426,131626357,762093414,3382657999,2301891046,4276311467,467487609,2402000778,1781466190,555412285,4254401171,1932543570,2306192520,132286789,1249552923,3618588117,1840586008,420610854,3489639067,2757292169,194392756,4016868232,408100184,2579086158,3003218225,4287305414,3149397818,528267962,2986742633,11901068,1472176078,1016499327,2570652541,802370338,3858220044,4240898295,1800919028,109732817,1405287854,843767539,1036942229,1262087264,2188190208,3686635337,1149898350,2792995344,323783298,3952137903,2527599247,1559356216,1775245485,4279859239,3454979261,4024459240,948755203,754757811,1519466410,3833604347,273702363,3862987038,4232427475,3881225452,3030257714,3710556684,3499882,3059588243,518645693,2269675439,1765210292,714025143,2897930862,2100018780,3258535047,4070550516,87238219,803617417,1080843790,339292543,1796817985,3560340896,2850869185,2037168740,3909895816,3409894693,138759653,1568496259,2685426712,1226845811,3639797281,2741122456,2237661445,717080993,1980433878,1980766740,2878167849,2252649268,142046398,1768114905,276302094,1583870203,2830429662,2044937934]},24,1,-0.3205158623003583]}"
16,4,62d1a212b8db75df4846ffe97bd3f68fe5459659b1620bfd2c0c3ac79dc77a54,final,5092,38,,"{""samples"":[0,60,124,192,264,340,420,504,592,684,780,880,984,1092,1204,1320,1440,1564,1692,1824,1960,2100,2244,2392,2544,2700,2860,3024,3192,3364,3540,3720,3904,4092,4284,4480,4680,4884,5092],""objectives"":[12.706890991419892,3.6325246745275335,-3.5356658602676743,-2.6538356310979916,-3.997957415141838,-3.994761632088973,-4.610417899840533,-1.3057635235908165,-1.5849713148101818,-1.6173144531722095,-1.5675257417020994,-4.38975782438451,-5.148458726607529,-4.461171703399608,-4.503768172111473,-5.217732606842532,-5.210376965987012,-5.479922635545892,-5.530829820784786,-5.551302080945786,-5.4423210101547905,-5.602878201122328,-6.2661753241129645,-7.029610483942433,-7.6370103138173215,-7.675697795089999,-8.08155108918932,-8.091553188618208,-8.439215684526765,-8.459216351062041,-8.489578228352475,-8.680817156433404,-8.789176385992322,-8.72133165199315,-8.881680073730518,-8.850570995808495,-8.839421383105305,-8.98369165266286,-9.052937483832256],""final_x"":{""__type__"":""ndarray"",""dtype"":""float64"",""shape"":[10],""data"":[0.44386760627993455,0.5467259247046585,0.6136497597585825,1.2402911211192356,0.4828563564109583,0.4761197037264298,0.8085049367024851,0.30064564496669355,0.4125525583871123,0.8476932368079202]}}","{""__type__"":""tuple"",""items"":[""MT19937"",{""__type__"":""ndarray"",""dtype"":""uint32"",""shape"":[624],""data"":[2585137430,3786899112,1874398007,3389934612,2829292598,1599565052,2973373855,3320233528,1445148182,1045108859,1769826602,3666237031,2698506055,3464224471,571478218,1403301545,1157103921,2612916560,2840284496,2950687833,495503747,1600917060,507688759,1213232041,2503611848,640040958,4118256628,3706642866,334074956,1447776535,1179361136,3426663922,2936443105,3638447118,60864587,4252196111,3688761297,3804894090,1114058309,1088946440,1088814966,4133748707,1954111282,1096558423,3054519032,1219495321,3059460209,623502222,3880064149,3328387201,3180961317,2767247327,4150464009,1619914501,2887299264,2803433379,511026396,3061835490,2448422083,1082861773,4159252784,3010107364,754189603,224089918,2811757985,773737435,1665712451,496625438,3456963744,3196813184,2960819597,4164522390,2536843592,62130138,2761036519,2068136824,444204219,2350788407,1337389362,2848853320,3665697267,1666781359,655758271,2020314544,3811999937,3040128786,449151938,2704635627,2344348808,3815546218,2362344309,3353575581,329931975,251737407,2836239327,3305563430,371583124,1704324446,38300769,3797528165,3982868152,1316084189,2779679260,35246758,2183714939,417862422,215078217,2974690688,3847885404,3640021380,4187693699,2817808598,1703615259,3546491932,4253494583,3914903754,4130362910,899551549,3554649626,2565595360,404556856,3947069590,3164073197,571698045,3067560697,1341883396,1635533124,4208588551,3587046124,1745244769,2265045255,2615834290,3979991295,1726943738,897443791,1261697483,858227159,1696369258,2961724340,2783088082,273128621,3544184168,2278813541,571603536,2742558066,1606523163,4135468493,2560392012,4041485497,3789202123,1722467049,3747276582,2321245305,1353518057,2453609768,2937564577,2134224004,4229115882,3707043308,1155919140,55531684,1156535985,301135430,2720165210,1779254831,2994908466,3000739589,304243741,4163799885,4034236287,4246666098,3849896988,234145202,4254746290,496299332,532387272,3730317098,3269950013,1193863659,3830444425,984301485,1302892646,3162881410,388079052,3692841952,964484007,2669560903,1699341030,1070066011,279347025,83970921,2725699527,4166292345,1929795964,2922340495,116396779,2864736698,107342847,3168377974,4169400059,3947676704,1163876404,913762567,1643318077,2611053228,873021434,2817868075,2262807981,1668052477,1959938536,2424587457,1957710913,1286710445,1613386402,2359323041,3021425777,943234835,235990675,1381043039,3262787309,2978254661,2531696780,2977878355,4203956215,1841465916,3854921716,923082546,3750285659,3355781184,1861533100,1943697386,3147122338,3625604203,2834078792,2331270021,2424025145,53771508,813444835,241302512,1853808950,1587462989,2203794229,1001192203,2694822682,2138164808,3250745249,3926593642,4067253069,3066033412,1031640537,1629576002,4183723271,682790175,2660738963,931915359,13097723,2823264747,3029587459,2785173587,1155085982,2810071425,2060302545,191039943,117291911,1505924853,1853976928,2137198283,538388669,1296306724,3425097846,1923773933,304551253,2995132667,1160481779,370786516,4005894653,667497133,1562480098,1866164304,726173008,1363699919,1678084069,2236456553,623286384,2319530271,2164273185,2400873375,722576274,1628877064,2150276208,2204425320,747328690,596064096,1041333607,2771276524,2818581519,3011494336,2543840515,3080887315,1265804924,852430669,2313719498,1561155749,2200940823,4051408403,3430847343,1954530137,1841416453,1340201429,1087025725,1261352769,1529557711,1183155767,6485423,1989175826,919427683,2127892331,4070994629,3031170031,2402932453,2097945342,845375057,3353493505,2650010041,825609510,2613765084,2136026731,15762870,694893460,963536034,3006999418,1951731630,361486195,1879997289,3934584008,4289300722,3158646709,2611936384,3222090871,1681613075,602600145,241556177,420206074,3045964759,412157559,2970326973,3827485402,220377716,969959463,3937772129,1232434695,4248822792,874002488,1083322856,3212589371,2669916200,1323691274,3042261749,449154909,2982975427,2700701363,1810469185,2506288187,3410454760,2564740928,755410968,432822122,1437870848,1021065519,1029537454,542150135,3341841220,1731262238,3815699465,1344053554,2660679100,92575557,4251473521,3182387671,2959670971,2024066792,426936347,2870915564,4096070205,2671646728,1171111172,2313212485,2752973671,1450940371,518839036,2070935867,438099293,3043695058,2071798961,3569025120,1426252851,2577671180,3937248573,2172879786,4036426599,2926616506,3619114807,2738653506,2361298412,3701032045,456854234,1260829432,3794025910,2215268494,1991007733,4246528513,3556867802,2988962901,1196722686,4058007180,867444162,2518306545,3430811321,844136190,2928202890,95348788,1504830506,607296957,1125095267,1482012872,3022516290,2383824312,1018678099,1429932053,642835183,1750883770,1835154487,48185090,475729610,4043526415,2719220171,1114435326,369774324,3628377299,1240013600,1865369186,471485836,2297499809,3919978990,3756885253,2377943448,3361018325,1816887093,3707432851,2031129033,1056905079,2052077675,3607667252,1588798458,3450371297,130443075,4146401092,2708484998,3536599446,1180589653,3929434970,639209873,3651613612,1212360489,1075515611,325640393,3329768006,1939598553,1257991857,3260038928,3858093348,3425548655,403601847,2019780173,847454455,1742627655,1426093626,1416111928,1769935990,529587646,4087401711,611073954,741551161,892778530,583486043,226040189,264128215,2204640607,2627526806,538973646,1667280850,692074415,4254169380,1950495385,3097627131,3543698236,1229459658,763906012,863545930,533398434,1973234751,2199910226,231583322,1512113925,2644472573,2165620874,2053209528,1901386874,1731653587,333681839,3080500724,3161713469,4142997971,1123151883,1099438468,624664990,3935820939,3276231072,3399001829,4285028276,2143105434,3704466300,109504580,2884860792,3703990780,3541818024,2049925614,2163086129,523902642,3473989319,3042356796,2989536763,789508731,3011341117,1580078972,4063040839,328439676,889018426,77564177,18044471,4197322705,3791950196,203749963,2720565292,3249117191,535460032,1327329588,1022687494,1815330840,3802706027,687972095,4168802164,2284062743,3605262988,1468351382,2906001317,2706628050,2808173358,63181379,2161337856,2131495172,2402435237,3184094569,2291866995,2674499344,4022660441,3818960351,620836724,938757385,1658799629,986968425,591017507,2910828776,3106177933,2092796339,2270504685,3458022579,1378477849,1491794844,2690200083,3609326166,417054487,1788488720,2465025419,1120591959,2625073865,3623004593,3510089823,2342693757,1946731282,3188850368,2321107788,1562663570,1637648651,3326733627,3850056303,2570406393,3210756043,2913841854,3678574114,344638241,2063053739,1414789904,78832243,1529816874,3905410411,2059201202,3403985633,1346240541,1633865624,1036545094,3696958929,1085047318,2680218162,630863313,1707142187,2117154735,1317064396,1677444782,3468963685,3993985124,2166575840,1007854535,3568249991]},488,0,0.0]}"
17,4,62d1a212b8db75df4846ffe97bd3f68fe5459659b1620bfd2c0c3ac79dc77a54,final,5092,38,,"{""samples"":[0,60,124,192,264,340,420,504,592,684,780,880,984,1092,1204,1320,1440,1564,1692,1824,1960,2100,2244,2392,2544,2700,2860,3024,3192,3364,3540,3720,3904,4092,4284,4480,4680,4884,5092],""objectives"":[13.984945945279728,0.8839637045513609,-4.651660979714578,-4.5389343996958225,-4.633631089920212,-5.073710230106998,-5.129342475002688,-5.213101678542742,-6.853169178803486,-7.084606081245712,-6.912661010071024,-7.013071441210235,-7.555720511952267,-7.639865755177359,-8.240171048587577,-8.377893687037414,-8.283133012967326,-8.341645304660654,-8.325501876998295,-8.307726413681245,-8.290158200883914,-8.40361657580805,-8.362018518187883,-8.391869076202365,-8.34693771855689,-8.381502305014747,-8.356363390992,-8.410039451673347,-8.434484436425658,-8.40332478455331,-8.492860429405019,-8.539754608063893,-8.618384719674903,-8.508811597384192,-8.589991599410318,-8.566055691947684,-8.610613563417726,-8.603839425680828,-8.703791370799342],""final_x"":{""__type__"":""ndarray"",""dtype"":""float64"",""shape"":[10],""data"":[0.6495028081816425,0.46108728977553487,0.5957445505134091,1.455721620098875,0.6302211379671419,1.1153339911362665,0.8526544201933826,0.7887703582060382,0.6187997798722907,0.7455176170449951]}}","{""__type__"":""tuple"",""items"":[""MT19937"",{""__type__"":""ndarray"",""dtype"":""uint32"",""shape"":[624],""data"":[4220566185,2968613409,972408532,4169439936,131445863,269287372,1037228250,4128177330,2635819548,249822003,2902643012,3940348682,3576402821,350061894,2939888633,2462190609,1361672851,896070201,1060862817,2497439126,118549475,2899390056,2583208874,81016443,572868935,2172317859,3571175372,613134967,3655029197,638904329,1344384099,17286895,452768308,1651023133,1745095988,2430706118,3376453208,770112853,2782457182,3461890920,1023644417,3026574548,3620841950,2745269664,3759159379,3770821789,1774487937,552250204,1421550647,3541900378,2528755714,505849283,945493871,150410100,928939809,1748607843,1875569659,1390574214,4065184922,4035900052,2104769190,3552455205,1549404177,2803268670,469449811,339256426,3978310398,571036004,1278988635,3029172694,3299300574,858349162,319190909,3349050374,4277690402,3244237767,2325054437,2167106828,3051220340,3286322386,3432352040,3651228507,119265018,3834516245,4156184431,774975055,2051036792,2157682330,2931557000,2180074058,455903489,2420651723,1890144888,705799157,3101352659,1820195345,2933416305,1781521778,1327796406,2867689426,3500200394,124449603,2461341508,2398342411,583835547,2153919781,602879079,3686273646,2926495569,1834326034,4151842929,1585096646,3745659434,4185236395,1237283247,1796072185,2377064458,469895522,930699119,1080884788,2491411348,376078640,3597456946,1053474436,1185937351,2110338114,2907373361,2826094702,1274042293,1470126145,4271126335,2454682869,2211565880,4066793344,2730096967,745735209,480081726,270838928,1351580524,2915769625,1924678706,2703976433,526089721,3764143974,3392739381,122502726,2144558846,2455065290,3277123734,3320813973,1029288419,3921704921,2519910502,3352823270,4034356967,2152345461,2084185527,464519631,1717244247,2119795625,3037659562,2128074921,1185349249,2211968441,3205857970,2076482000,3141277174,3578142905,876944716,2010622490,4116698033,4068877627,2424221385,1085887221,394767875,3393056815,1779909202,70995882,2187634194,735136535,2195262634,3275178494,1555873710,3546375649,4214249826,1516582647,3554489411,1068478546,3401551074,2670560515,2085922398,4186380629,3204792913,3031062873,2781950743,3688505662,1426385189,3773480010,786321119,864383925,336356266,3353285315,3405086137,1845671572,3737245226,1475372409,3141580724,3880929940,4057511315,3045638093,2591252439,4093866190,4180555814,1535230043,849652600,3798937819,2677290417,4155629036,833530314,3100172972,3021463090,1075379732,1885149067,3527864253,1420872799,1612881395,2855860937,3549215402,3224433026,2539743727,1314349062,2516387740,3640926203,3650309178,2193446622,3278195426,3365676934,2932623158,3110052775,83330415,1744881921,2469193617,129045429,1577261073,1375402809,3763606052,2731080276,1765968664,1722830281,1777411506,3170244585,2052271974,3393329601,154520350,4080714828,1551864104,2542852579,2680914398,2585686468,2397047104,3600899501,2289388731,2999726558,656836253,2360305970,2556205095,460120065,1566145659,219251895,2876166848,2056258227,2021809754,3949209054,3089059464,2255062875,2561832898,2192750927,4233168275,1502012067,730451429,2277814423,1733855607,3538649651,2635515856,777351470,3052666000,1346377985,902004714,274893911,3786147321,2195653073,195714310,1237325018,3180378940,4273275346,266058565,2858133903,1654638649,1181982183,2907469162,3447370504,1634148419,492165370,199864709,833563164,2894906466,1391599770,3116732716,3991252201,48043009,549720872,1080071269,2217576107,2552763827,3881605690,1615886955,1658043302,1479723895,1440519066,3063971337,2135885263,569624217,2512079229,1493317237,1929387081,831945420,2422756049,2471588897,1778301357,3849793045,1181269313,36482278,4143579229,3211191335,3210386991,3558409658,2584390119,1157649153,827322786,1346381974,314784532,3519937699,3266038532,3460974886,2740824709,463045537,2366492953,1986683803,764103669,711654207,1510477694,866582074,359245264,1626952302,1468809419,3839134340,2065682045,2592671273,4008551072,200499448,2378828842,605089437,538169049,3981943019,4142631821,3883790645,3834712141,3150381684,2993449997,2261956779,3512870267,1514279438,24183226,2969628104,3643415541,924364783,3808783896,4151139793,3674117888,3389479315,2513721830,1674208538,3250941717,1147730246,130728844,2303437525,1445257771,1460675833,2764042018,3572223061,3037487585,52859106,3314943371,3252057299,1652772664,2133898879,2707607195,673726783,296780590,979732122,1267608892,2115017409,3966083104,2720187894,1743750234,3346011516,3547062752,3882134676,3106028247,2842630602,3572818450,3587555703,323037324,719599920,653837317,3040104905,3328003765,3089187566,1666729972,3873959577,1181010408,1330552096,253805787,1759275466,574824878,2127341343,1169881318,271985481,1411929565,3235352040,4035510278,2873774316,300826975,3332911074,3994826048,2114614165,456924492,4078326553,571334228,22250430,2173930044,1935602364,3446572148,2126358453,3564657350,3845952791,1313618310,3163828830,2659476760,884405344,4222704071,3696806006,141618988,3535228146,500552949,26328951,3071423105,1463065723,3136150467,2935124281,959453219,3912598028,2444310604,198069025,2909856128,1720611853,2943275800,7765646,3637300684,2156036669,2688215094,681058548,3389523397,2363881309,3489979633,2723808496,4172031691,2259295748,2101514789,916010540,74148950,243873926,3445284268,3889657911,2077424683,2612709826,1114554217,2663850014,4110191898,2024958376,2636718631,2611354666,1264756997,2722315951,3074639757,3582047585,3084681493,553098847,243160931,1743949746,3821778815,1382427282,438815483,2137602418,1420709576,2431565473,1571083655,2712095748,2257148348,2382091007,3942307712,3337844473,4046299699,874969111,2878553956,4170557303,1386691648,2185666867,1062065459,3737907054,2746093626,2764179036,2565090634,946346702,1241101036,2948294744,760029236,4161829306,611198866,3237442676,1423325156,2565573725,3446190527,2603117161,4015421427,53589018,379678897,244961399,2389764355,4029048185,3555329797,2457385735,2777853182,3407239528,340257047,2240381606,1220367700,1183509085,3236525586,1138095150,3989909637,4009985251,887523408,3841449732,2135683227,3500092526,2916464207,2185598734,196864603,1869044462,3516670587,1204572200,3725340670,2971069983,3897374634,2363841594,2548252806,31139626,3517119866,958976099,3706900353,3954142101,2050110203,1441479858,1296062636,4237424707,3673609646,487373515,4061458975,1950204573,3481122069,280856821,2004874864,1353124852,461194528,2603434110,3388602716,3131906685,1446576937,847629975,827842960,3482592439,604778285,1542242235,2568949616,3765989115,1940255476,1492329087,1331715474,4159879579,275816037,1721,3320501663,3051809846,179622065,3775573470,3449192505,1208626779,795612359,3330085377,1885641159,1404725585,1342167678,3762927480,4115345763,1906535162,18171393,1453752476,1727636168,1402873735,254826525,3074920055,4213536696,1168253712]},288,1,-0.4010514621985987]}"
18,4,62d1a212b8db75df4846ffe97bd3f68fe5459659b1620bfd2c0c3ac79dc77a54,final,5092,38,,"{""samples"":[0,60,124,192,264,340,420,504,592,684,780,880,984,1092,1204,1320,1440,1564,1692,1824,1960,2100,2244,2392,2544,2700,2860,3024,3192,3364,3540,3720,3904,4092,4284,4480,4680,4884,5092],""objectives"":[16.91243545255409,16.74148550405338,9.876690383922025,10.472406785134147,10.554965825504715,4.319952393113833,4.079369194863207,3.884831966049961,-3.54057480206302,-3.3703243067504736,-3.4455895600155757,-4.558140059942696,-4.846523459518567,-5.470839988910409,-5.735377355548982,-5.936078701123883,-6.528880718786072,-6.7257729595513975,-6.386253794521894,-6.387591917610364,-7.697076264047559,-7.736913927865806,-7.90914495367993,-7.928615540861978,-8.013171346472003,-8.11898182738696,-8.304548675949759,-8.31101061985586,-8.289077784569061,-8.423495730920992,-8.42845610949454,-8.50271597372176,-8.487314948290253,-8.520395519111176,-8.578199839783748,-8.57547278096948,-8.608005271468237,-8.628575454886906,-8.563987903269584],""final_x"":{""__type__"":""ndarray"",""dtype"":""float64"",""shape"":[10],""data"":[0.4802094685429854,0.4725844647319255,0.5636656507223539,1.3128124690855167,0.44411718753753254,0.3185011527965495,0.4904530404046761,0.44603836312981704,0.8603962231736139,0.7007291369680623]}}","{""__type__"":""tuple"",""items"":[""MT19937"",{""__type__"":""ndarray"",""dtype"":""uint32"",""shape"":[624],""data"":[2990216434,262615216,2939526499,3697780090,66866601,2870416268,172959518,4162765045,946889768,1641868505,3056564270,1566029934,4197311415,2981098820,4294925659,3373356098,1924765272,1626669046,2380886468,1578324310,1575290451,197810389,1062931948,1435515628,75172336,423156986,779312264,4238094265,553230607,2647118394,304325447,2734690012,2344732871,4097882632,2758315700,465594077,1203451620,4135569150,2418217512,762202907,1682323545,1665792350,926921840,3992945247,3890157241,281341710,198604919,3358004621,2572042954,2470535396,2045296042,983602599,3002246327,492079020,2647035739,3224815401,856605984,2132168693,1642216839,2573415561,468769915,2832735900,1088375804,962655398,1450224143,2972186934,522787598,2581933201,2579189601,2043132829,3737670514,377470221,1047221432,225452139,1222468257,1507919103,4142547581,468855028,1653437649,4114454016,1029604720,991466801,806019254,3992973260,3513964303,2726260978,107959220,639123644,1032058322,621426145,3122487864,2246675221,1084649635,386354367,2518110552,387372322,926687733,807136824,3875851424,342643010,2079192070,2193068189,233608855,3000333048,2231705336,3893445799,3796646830,1603524296,3868704126,861220549,2838528644,2545428503,1332933911,1589362740,543135778,610954202,1763437225,2966918905,1250300467,384136465,1093196612,3598132841,2921978960,2337646635,678626221,527392584,503609076,3790464131,2630948530,3226412733,2366837136,1904014680,1431077334,3109652895,3103206070,1092277376,2829106823,556853020,2233441834,114350549,3501022268,907806132,3398374830,2142127372,1969038222,854625554,743068807,2905903421,3823371441,2996355780,751007093,407351005,1110553698,68403549,3839131659,1157865921,2257502451,192028321,406641535,1133338387,1282119468,2940376170,3494910837,366802023,1789064929,152534026,3584530807,365746340,2507819731,3557971345,2672309410,3241169050,834500427,3467537719,616889680,1887641728,249121050,2104246186,1751328767,3267917927,2620814522,3232757315,93095155,532188456,4291969956,995967076,1316546073,3419853566,2190757448,3402820821,2590270781,625705477,1557470469,3773067096,1019303186,3879593837,3820831095,3612024571,4189912840,519524221,1197049259,2210961341,3448985261,2582797426,662622037,1778899808,1924290823,605965531,1257200550,1318195776,2488607701,1467548520,4087142261,1974874619,1947831650,3199373597,3400328793,1788600576,2568420982,1802548279,266939919,4097069998,3650591557,200467990,1522553949,522888885,2266681023,2867562719,335270506,1903001716,1137059296,190763417,3682890054,1109809111,47165186,1089538856,526406234,362417353,1776283289,3359430872,67899160,230536997,2700756870,1686352342,3395360051,875666623,2020128788,2508061875,1657355096,2493580915,1958529617,3146761900,3612652867,1377947492,1737801377,1689313605,1065238717,3191766424,1717017997,627911880,799549340,2366104619,3708123117,3835298090,1093525667,4280338133,2101274156,2748686913,354622542,1593562537,1020793997,4212744068,499605349,1927890322,4228712267,3439922076,2662831339,2532842111,2654391712,3557941166,2047065285,3823242129,1088013857,142465880,2606970789,3320512945,1647268753,3412557933,1938988771,3547421585,632518066,904204285,1433671689,3464951210,66950432,900145376,3000162448,91545520,99973542,2786007710,4173178092,1889646035,1422915500,528925983,1765083687,2413827412,1052084266,1869721572,2547102446,2674728186,3604405376,1206374973,3981795581,1660779782,623194541,1879650260,3897347490,500676702,3725464720,1155407608,3852111425,3355167353,447291710,2895050941,2560663854,1571303184,1437692263,1027476919,964309511,3010797615,3550054876,2408461304,1725542797,2366079772,1458212755,3942912962,671535782,147047,2403288230,3203058106,1342716595,1234541602,2254573614,3789544620,3773862484,2734563938,1132881137,2621391954,3503298517,3013850318,3604964462,2953602697,3368826795,70393843,950482516,3984379029,1358668434,1204197674,204662201,1808983834,3217674029,2194426377,3253890660,434480082,3951085038,2415292192,254081318,4009530193,814796192,553867888,2947402398,4001217484,4214672935,1797665999,1019802685,3339687795,1255075885,4027136465,3351430896,3470975958,171170309,2588146173,1604158046,1089497369,364857517,3780070798,3588320362,3625638281,491612761,6270875,2675795620,19092241,2943246590,2262343126,1001119506,1464659422,4125038903,1852160741,1165692909,3604326683,4232893579,977627177,3133441949,2958725771,1238727187,4215135605,963484733,1893275300,3188504563,2842748133,2649120455,1008205920,1191148003,2182009715,3058626127,3373731750,3770442511,1573467827,3898146854,353205075,433489193,41784964,3910954038,363732457,710419895,1705590533,1579932060,3705622602,1085135929,4028508167,3841089975,2898814677,2172476065,1061099876,3676778291,3408631450,734160495,2088375,2206941812,2545881197,2996683203,23932826,896657287,3143581031,2190830320,1241016489,516275161,980926586,3435838731,1945308526,1961618736,1680587278,275283175,67213629,220164092,565311596,429928027,2520976020,2704491831,1698950487,2322901576,3521003769,442407911,3057521257,929002480,343861013,1541885330,3961269394,3556605311,3359396204,2828156965,2849540777,1073273873,3888465277,204853623,2457613287,1971818856,3160210283,64187053,391298127,974668592,2542184305,2744164022,1541777850,4004853098,4246831201,1520176655,2013797724,2707170482,1131432630,2509035429,3071208708,786848780,4043473900,292086272,4168265131,691112918,2501852481,2868199780,3822320104,643765145,3024784292,1358683745,3058133833,110940165,2993982901,3969427573,2669921158,2695664305,3714295904,4191161109,390573752,2731522122,3960715595,846596986,1318675023,860073379,3105127810,1880650782,315559499,697022576,1326192936,75343604,3064427429,844139625,4279512320,3049765678,1721355961,321951890,1370860768,2981854891,584949739,889813107,212512087,2395001216,640912387,4101675830,338139254,2318002770,3504041167,2264271528,902202715,557940486,1598134555,238316283,55238285,3468120760,3335801837,3631434910,1824350882,345406998,10497805,70448664,3691499760,1880204825,1595659196,4234143184,1477442969,1452807350,4078727586,1475470866,3776730984,1499664117,1951560965,3974378846,4281716133,3562995487,674358405,46685663,306964666,1781393384,2448228389,1675448066,3651813939,10223221,886140097,938030546,3565204490,2866516493,992203445,2859669979,3152079310,1631591558,3267817629,2092216409,3191940851,1005969892,1214162016,2719609173,3505106088,87759829,2965389172,2646431584,758575933,1014557369,2548937696,327625349,624367830,1584364182,3229405287,2992203198,1127226870,1788538322,1781200247,1471223630,2580495747,1871079533,943042342,138501804,2094827160,2784879722,2641587366,1736622690,1633220072,53884670,158544118,2862082840,2715946485,3698465773,603872474,950733432,2713542948,1154728798,2898432846]},144,0,0.0]}"
19,4,62d1a212b8db75df4846ffe97bd3f68fe5459659b1620bfd2c0c3ac79dc77a54,final,5092,38,,"{""samples"":[0,60,124,192,264,340,420,504,592,684,780,880,984,1092,1204,1320,1440,1564,1692,1824,1960,2100,2244,2392,2544,2700,2860,3024,3192,3364,3540,3720,3904,4092,4284,4480,4680,4884,5092],""objectives"":[13.692687587256898,12.49542997825217,11.04919744571843,10.00014198480408,-1.2745531985610823,-0.05428564853191453,-0.3493029781436528,-0.29578062111143805,-1.240803586638788,-2.015357629022208,-1.9267603709755,-2.048734827497469,-1.9512281465374453,-2.0686012120997965,-2.19320247385053,-2.1685488802168678,-3.590461750108707,-3.60641544603226,-3.631476032117919,-4.592821568522072,-4.676400826623672,-4.430545600922078,-4.40221671820717,-4.534181506967175,-4.600949245862635,-4.992541018522298,-5.3870528182327675,-5.418482295032685,-5.888095996437431,-5.880636777750972,-7.109656156147168,-7.169715840566027,-7.243547065024904,-7.1977752897341,-7.277938098727738,-7.42179989769621,-7.5640913610856355,-7.568639934189039,-7.704154989482622],""final_x"":{""__type__"":""ndarray"",""dtype"":""float64"",""shape"":[10],""data"":[0.4020661684046309,0.5084031206031344,0.49922470232310645,1.1356215537892356,0.3871712718426777,0.28587520136812566,0.5516865024792278,0.3628990414191509,0.7530063356822982,0.30439026932288377]}}","{""__type__"":""tuple"",""items"":[""MT19937"",{""__type__"":""ndarray"",""dtype"":""uint32"",""shape"":[624],""data"":[4241112509,2582981961,2258416257,3118577923,472953458,3832610435,1837729155,121557677,4229015113,1801657896,4040175828,899026651,1887308958,2574242599,48152149,2600205672,1861280879,3945643207,3771972262,1520132793,1805462077,721218831,3712787642,955853613,1642244306,2585171627,3154311388,2519605927,4217652822,2263239104,1809355492,2809914426,408967616,3558741543,3768364362,2077463802,1027959746,1508860722,2009729317,1456243496,2553581702,3969374008,3832259553,4203624222,768134168,2652785372,1557288079,747996492,910423861,2826405201,3500747640,136551853,1067520713,2453214047,2562309522,1621125444,1840697196,1947006880,3285874794,92357406,2187643459,1287976072,2303003483,2789079652,1308165977,1517372491,2063235748,1800848842,3438566447,3573982972,2651799415,336534867,174094095,3593597345,3083187036,288914895,3254542011,3811056287,2710528361,4038568118,2222770577,3937268110,1637140322,718406518,955958829,3422456023,2960153691,1820176284,2875288439,2397374604,2582149805,1352625991,3809794257,4268164350,472732533,534647061,1368917171,1371410740,3409897751,307890205,4166417791,1155237554,3377638188,3785492962,2304494493,837158695,619885055,2859457327,1796800574,2377278210,2371038590,2950401567,1452195246,1126627912,4211208698,1349529734,2650788328,3205371732,2120170887,4289647240,3471116840,1081146838,4084596361,295973574,2464186129,4160836473,3866346306,3354682514,3524892323,70236830,366673942,2781599588,2804022031,3297569702,1102252675,4019587673,2954917551,3048513120,2647612097,2350049453,348450555,4009027422,4158843592,3332601901,2172555459,35204936,3807625162,2625212471,1665538301,3338648064,3295371682,3433982829,1019243484,1358664770,1323143300,1297951662,4009079317,3455166868,1063650610,1045420834,2018873827,3774355036,2228290157,3978325395,2270167869,3433239875,3649050165,2122712202,394528640,3838418043,2329280257,3148243100,1708002394,1641166538,2232061902,241069308,1066619324,4014150065,3544186487,1057244375,3160995936,1138611172,3787684516,2489342684,2329537287,2145504334,1768179076,1265509473,162174815,1280309492,2921257238,370643968,3404561443,1365271303,3815038623,1711661721,683555812,1252715852,1432697305,137113323,119234069,1844009080,2773947095,436088983,599157336,3978392292,1426152980,673951170,1855755228,1317216421,574524562,117597848,3254615056,4147852376,3328000558,3603135217,3803132390,2851612258,4169661355,4196884266,2625457887,836680202,2870711758,34776950,1238932897,1279103563,1149665727,1612184322,2658922031,1490804594,167611605,818165445,445846280,20999149,2011582752,216665834,2975093096,2249551010,183452298,912924561,4067903664,649526990,3549764538,2060727390,2029392365,3331815958,2924662228,1537529986,2217812651,600611943,1126329176,1688381332,3415321794,22502118,251970536,1333164826,1792084783,755153462,839887144,1583654652,1553680493,4084034377,4219074006,3422264883,1752853648,2728855997,1492765883,3386399145,1604290534,1151582659,2935529694,2884532461,3375511334,2337793808,826160044,4123561484,1569706289,667000281,1850204164,2774922445,203764305,4172174832,1751909708,3644256455,2290751207,2873726067,1913002150,1452876220,2439585244,2916272428,1383927557,2016007403,1098912026,3280453937,1160962331,3338022655,805117461,862610501,3260671286,3777487806,343982210,1277735647,2970316040,844164063,3818349279,4187445768,243908692,94147604,3839743931,3297466651,2562581456,1904304582,427415554,3282951303,137504466,1085571364,2504577537,3661034863,1917379191,416002589,3757367336,2388384247,3380781104,806995221,2064761060,2436825044,399375525,715476558,3075920090,987439285,1696813623,4101399490,137147575,3719830197,3415619615,17858726,3590487156,3706246593,1704404195,3378646072,1070244005,450589768,4211509181,3543149647,3482670034,3353013037,3849367106,2244060199,4049807741,4246751141,2497822534,88912841,4018646900,2028013455,912238694,2626762277,782684619,2887189834,1992737142,3351016004,183748265,2449987309,290142606,1993121843,46684689,238383686,4002574581,1881714070,336451465,2897122102,3988036611,2162097937,1169616288,279442960,2884530013,590133968,1140702452,1342003458,2616001058,2392025913,4111657146,4284669116,1666747584,4258414207,1765595840,2847026266,1564277304,3472283526,10505495,4148881190,1722075674,921588388,3825439933,3034736041,3774684510,677606281,1961490936,3423965806,2721682876,79363627,356151792,2336075083,1148469508,1304084295,165176880,3749213852,3954282243,3192336375,1663445534,229983066,710275985,3056175925,262637869,998723833,3244817137,3383512378,1951252135,1643248360,308524049,2900130702,18945527,3368050694,58790344,2433850553,1531469743,3944245554,2784389188,925768616,256388860,3991523242,40167917,2702405937,547526635,1441791137,848558812,3426099530,2200214065,1559489767,379057620,4020928269,22450719,1337261171,2003836112,1588907634,201680172,943260169,2896229130,3424754640,4450665,1422278515,3149397302,1697684923,3629132821,626079862,3935099923,2109996345,124337831,3207707609,3293524952,1555908025,754113760,1015864051,1637779297,511715642,4206981292,4244056977,1309595290,1382416844,1989814243,4013466642,4166087329,3346366944,2484849150,4079706029,84144396,1853907918,123229540,2449341516,4236863693,764142736,133148741,325786882,2521515502,1925615719,2224204810,3552414541,1826234731,2937687340,1147398213,3897143774,2218656599,508437880,2805058225,2797403173,853701015,195662802,795297992,1424663438,585606673,2906988332,2014009760,788742898,945589166,1127077304,3870619029,352355268,1407492989,1140112810,2769611867,1883733373,3002075408,715674151,3559808856,118118678,1549475367,1837064199,1541663792,308068857,3594640740,1389029422,54101108,1973026271,2935935108,345493584,2744431951,1155798010,827669869,2564502795,2415674586,1810834951,1369049946,3673903713,2667012072,589434918,338612736,2957523589,2502468120,3080175950,3558189080,3241232312,2817085969,1582867777,949019548,3034445658,3439173629,3578576314,2430086544,1494199596,603687356,4286048455,2568924337,3835926479,2228128292,2766597961,660065186,3252170082,2460258894,4198932436,2548864283,1596242315,3049808411,3727162854,1876050964,3276087375,3532622848,3187850302,1092699301,3411384690,750942164,1474784599,4153545144,3149171329,271392577,4070733688,3455304818,3791583430,165454714,2462288186,1942737761,1182000900,4207690321,1609356770,2119249402,530407156,2351657092,1721805369,1070340894,3901633472,561761258,3727827975,3455230524,173812999,287057579,1873253296,1193870633,3063444897,3043202389,3182694055,3219861522,1100321182,3117802133,757106081,3458214772,2240015251,497187343,2910513502,4058528168,4202697305,1035186382,2486999180,727242903,1625227113,2272562807,251236749,2159178787,3699215530,3626243106,731506680,61701292,2903968469,2815340819,3907309399,2569961615,2474924025]},552,1,-1.0510932143064646]}"
20,4,62d1a212b8db75df4846ffe97bd3f68fe5459659b1620bfd2c0c3ac79dc77a54,final,5092,38,,"{""samples"":[0,60,124,192,264,340,420,504,592,684,780,880,984,1092,1204,1320,1440,1564,1692,1824,1960,2100,2244,2392,2544,2700,2860,3024,3192,3364,3540,3720,3904,4092,4284,4480,4680,4884,5092],""objectives"":[8.308897003041682,1.9884628201481893,0.4975602941947506,-1.4141869853784228,-1.432701284586709,-1.498960657993653,-1.9517098891650462,-1.936029177954196,-2.6910745649609242,-2.62812765167269,-2.5841207013536014,-5.128483178124619,-5.5777065356814095,-6.94161262852298,-7.595891283948344,-7.59728199840933,-7.639131567804437,-7.698191415960331,-8.557555416966972,-8.8372771832473,-9.009709742410358,-9.032726849716907,-9.078695775431912,-9.076706099583541,-9.075055147179718,-9.63352043586,-9.67231408437817,-9.68965408548239,-9.682886762622033,-9.743387484977996,-9.733790433215983,-9.714717956181946,-9.69522234388208,-9.834229132099692,-9.816381355436937,-9.865512983709628,-9.86294476447336,-9.859899647026522,-9.85972291190115],""final_x"":{""__type__"":""ndarray"",""dtype"":""float64"",""shape"":[10],""data"":[0.42520028674967725,0.5257675724192323,0.6255789569891479,1.2418794928012011,0.5009612826659985,0.4572398738758623,0.5754934291074734,0.6878070207023518,0.5770104314287606,0.4022697591844893]}}","{""__type__"":""tuple"",""items"":[""MT19937"",{""__type__"":""ndarray"",""dtype"":""uint32"",""shape"":[624],""data"":[549647447,3909029825,3709671281,2988930110,1599251530,2828249156,2629876192,796968741,230542834,975000953,260490488,3070590449,953627857,2187271598,798752028,2688651994,369090024,3186071062,1173851447,4005565568,2038196637,605727918,3015294416,4144396437,775150786,3131961089,3309401974,1700551682,1719642898,2420238129,902636234,2061586484,2634380164,2617885073,293847928,3732548754,4197069014,3172983124,2172997394,4142829673,2368421587,1878139377,1776356102,4114664300,2821710471,2364644629,2295621204,276171366,670173965,1720955897,404414509,1506391315,2392530451,2164289892,243062330,422093068,1200106217,498572573,4120015775,186163848,3251734096,1750959907,2791218751,196418315,585036929,2635395094,154431290,1206897626,424632163,1561182779,3150530905,3628823496,1420521878,622344111,480084510,2574929565,1204664313,52695132,344502654,637287082,975986837,3547710449,2802133380,3903480248,999278088,2574691996,253861064,437782530,1680166025,1692758249,2831064861,3478755386,1815356910,2601993453,614364474,2895040001,1009409289,1930798166,241586344,2518496214,2237784003,335830627,1622229311,3739098888,2833217312,3419946602,3331730584,1517422754,112071796,2242253040,939873326,3160930268,1577135095,355383732,358999198,3934700185,1958665711,389131025,723901916,3905148092,2817159567,2184489022,354748114,2493795590,1899579435,3315460649,3780693368,1557705783,1553015067,2987390705,842706288,1789608837,1761746735,4278908093,2299977436,227530762,1957041961,3843150541,1624283711,1729077044,3496869093,2838841068,2774923205,4159265602,2807254048,1984147215,1569874838,1953343743,423278501,1250163675,2156278413,3875067634,3511747811,1821417439,3776702338,3221219588,2142482829,3542387784,3400965084,1619410857,376251362,2356137522,3686854031,3561166827,935534772,1053550698,4152284719,1365308203,447231827,12694988,4172352212,828461576,3993299851,2392602926,745971213,2502841632,3971065991,1402456414,1313481070,3968355090,913458074,3524471363,107860731,1332749590,2682322771,2691572448,4159784909,1691808157,2153879950,1345422878,2389646363,3315394585,922396202,2716926886,3465577314,2734680483,4079261823,1334391724,2435762355,3836347025,2266667498,3065210421,1191681091,304946215,1934893628,835423424,2221452720,3016456686,1850561865,1366431097,231329623,2468627372,3903467594,1816527029,1835678811,3358093582,2692031194,640735498,3190983860,1602822183,2409245100,1266436467,1441913867,2517204500,3047687716,586610075,1702902519,2615795992,167080925,2304058025,3582761715,1228807108,1333204769,4063278167,3226585483,1022393718,995434086,1577313306,2601450590,3160233867,181795888,165637159,295066460,3020300740,1704328950,1364139418,3778436265,3440465927,2312303390,3753855689,1489026488,3066852275,3953612363,2699989383,2896232188,3769351421,4016341764,3440736668,2446258857,3820561193,782557079,1345401041,3784069961,1569938673,2658511181,3190907661,3557679109,2398566071,3760692166,4157534495,3567833400,434621994,3951406636,974234575,2048235376,352644759,3708265351,375617606,2548441421,1492352155,1921828929,3132871622,2291717176,713311814,1246623605,1569590063,2426075273,66824772,212814658,678719986,4220064818,3092272711,2323164235,1481059127,481660107,596686359,252349992,2193637704,4250918990,1452364328,1948243519,3905107544,1676726646,3296941946,1175284432,909198588,1413428732,4171272250,3753899512,995950136,3129600198,3560233189,3868838442,212072700,3943445902,2975365462,2866507997,3798725869,467510690,154587188,4159503662,1202458521,505816381,2908192756,1610394179,2837154741,2896538433,1232501885,395784912,982753250,727397354,3728545200,2656571802,1926778605,3233734380,1470722114,3688270398,2923613479,4020034358,1397862045,3898070803,1118921535,2973176418,338658371,2210753714,3793904192,3177630116,206137204,1242114282,2921952594,2067231825,3354424902,2065693113,3642056932,2983915327,3218058165,1768682744,3479057815,565618025,808061876,2285433861,635988410,4261110525,4253318462,229039728,3686922650,1475271081,140145626,2652093643,4281592295,1796039236,1196411426,913534531,2596750632,4063697652,1204393986,2744016551,3679383741,2147498444,1133192464,1299899908,339443485,936646067,2420149040,383315013,4087782748,1772315476,2357879613,1017401498,2603969873,2105324794,648610642,1400111985,1749929320,1696175693,2978645017,1258605330,3574058181,1504955627,3935041156,1345583498,1204798498,2264021567,1867259526,3966602447,414598826,4215794141,4109968452,1870927684,2682866563,4226863112,697004353,4243799438,568593634,1043466548,1269593739,4165902862,354507007,480615400,1593819402,2573332672,2867555263,143584186,3208488098,793413482,1553231721,2647403356,545348875,2906615033,1554891201,2144960006,885089316,3897735113,4280168143,2760426789,2196786667,3431721826,2096019203,18753636,4017915900,585756067,903402137,2149292949,2794664549,4160594455,745161398,3609029613,206034639,2042180030,149914168,1793758615,2192882734,153139968,3656624609,1986945112,905904825,2209853730,3320048067,2829092221,4291927335,3651785556,3024390096,2266569499,2652699628,973248112,623547772,3492247766,1654481913,3790756784,193660801,647891924,934637505,3079701871,3649673120,1627792406,2693699523,3733308411,3027393273,2188231914,561187235,2113236641,595501144,2878443052,3570337903,1081979716,1004238008,2584373639,4072879860,365836566,37982043,3034407657,1073408220,2276668985,2795083770,3171917293,73937608,144085890,20633511,525773581,2228122603,2056978703,2739253610,1946006756,109199395,637302980,1978369585,4124185263,1542316282,3290187125,556014070,3693182120,2440116872,1731534079,4143073663,3998460198,3850420116,2926314168,2743732530,666500609,4031572618,3719259462,3369983882,968435345,439909219,428495521,1309253044,4151834364,3779970659,2456160520,1015394448,1460024118,1840327425,826299583,3921471890,594685808,2262246082,2702317777,927428846,3343778473,1106195734,374143108,299158118,2891867445,3569854349,1595982535,3226311473,2501545203,1425261312,3046844919,747066927,2326088429,2183397891,517941689,2857933077,1683668461,925270176,586221035,1344598253,3352827153,2405662459,1806855094,3514232129,1139590845,4112173155,2815980585,2507817996,899067874,876935054,2811208550,3892533954,3085678548,1849484522,4089153399,2044867179,1574404287,1638778493,3506737598,1240417744,2163739913,2829372083,3256860850,2185124843,1259106119,1174473433,3229922705,1988437568,2712398205,499026566,3371497445,3010799979,2055552843,41567673,362850101,2123691024,2558986148,3239409716,4252838312,1587620502,2811101002,3425196080,2773085138,2886394712,3816910095,2974637904,2709192926,3558621951,1399592211,683158941,493961599,1089799499,1570270548,1436066271,1283442566,1861227728,506317472,518769283,964271190,1409716736,617140286,445333754,1810284198,1198918668,3670962172,2188181990]},388,0,0.0]}"
